wavelength;reflectance;direct_transmittance;diffuse_transmittance
0.4;3.62338127142857;0.0;0.190007214285714
0.401;3.61598348571429;0.0;0.174736857142857
0.402;3.6036815;0.0;0.176246571428571
0.403;3.59119001428571;0.0;0.176340842857143
0.404;3.60121;0.0;0.199499985714286
0.405;3.63440922857143;0.0;0.250878142857143
0.406;3.63212147142857;0.0;0.232464314285714
0.407;3.61918362857143;0.0;0.211072171428571
0.408;3.617345;0.0;0.2316978
0.409;3.5886522;0.0;0.223421428571429
0.41;3.58154931428571;0.0;0.227447214285714
0.411;3.59974297142857;0.0;0.254778857142857
0.412;3.60858891428571;0.0;0.297145885714286
0.413;3.6275418;0.0;0.329554842857143
0.414;3.64734295714286;0.0;0.352904814285714
0.415;3.65044168571429;0.0;0.378201357142857
0.416;3.63257217142857;0.0;0.381682042857143
0.417;3.6155798;0.0;0.380369085714286
0.418;3.6185442;0.0;0.392099757142857
0.419;3.62751907142857;0.0;0.433146628571429
0.42;3.6402626;0.0;0.471084542857143
0.421;3.65049392857143;0.0;0.495931385714286
0.422;3.66046095714286;0.0;0.5352845
0.423;3.65450161428571;0.0;0.552712571428571
0.424;3.64440162857143;0.0;0.561548942857143
0.425;3.65322645714286;0.0;0.598548071428571
0.426;3.6569315;0.0;0.631594342857143
0.427;3.66853988571429;0.0;0.666990685714286
0.428;3.69289905714286;0.0;0.7040335
0.429;3.69223931428571;0.0;0.727387585714286
0.43;3.68584495714286;0.0;0.7445849
0.431;3.6850275;0.0;0.762719942857143
0.432;3.68621;0.0;0.793701614285714
0.433;3.68863961428571;0.0;0.819131528571429
0.434;3.69268934285714;0.0;0.839236328571429
0.435;3.6911179;0.0;0.856613285714286
0.436;3.69522442857143;0.0;0.886516642857143
0.437;3.70034368571429;0.0;0.921149814285714
0.438;3.70184548571429;0.0;0.949572614285714
0.439;3.70355802857143;0.0;0.967420285714286
0.44;3.70646001428571;0.0;0.985405614285714
0.441;3.70954792857143;0.0;1.010862
0.442;3.70614634285714;0.0;1.03954187142857
0.443;3.70671422857143;0.0;1.06667587142857
0.444;3.71297844285714;0.0;1.09423375714286
0.445;3.71789274285714;0.0;1.13381825714286
0.446;3.71770824285714;0.0;1.16692261428571
0.447;3.71765445714286;0.0;1.19926974285714
0.448;3.72505294285714;0.0;1.24168071428571
0.449;3.72489135714286;0.0;1.2756244
0.45;3.72425847142857;0.0;1.30695708571429
0.451;3.7293626;0.0;1.34406474285714
0.452;3.72646502857143;0.0;1.3801654
0.453;3.72384512857143;0.0;1.41599728571429
0.454;3.72594445714286;0.0;1.45022255714286
0.455;3.73995531428571;0.0;1.47948825714286
0.456;3.7449209;0.0;1.507799
0.457;3.74102041428571;0.0;1.53340104285714
0.458;3.7415801;0.0;1.55438727142857
0.459;3.74578368571429;0.0;1.57618557142857
0.46;3.75000592857143;0.0;1.59652588571429
0.461;3.74882095714286;0.0;1.60825242857143
0.462;3.74889362857143;0.0;1.61967924285714
0.463;3.74796422857143;0.0;1.62792627142857
0.464;3.74663615714286;0.0;1.63377228571429
0.465;3.7517889;0.0;1.64615268571429
0.466;3.74908275714286;0.0;1.65467608571429
0.467;3.73837058571429;0.0;1.65760928571429
0.468;3.73952061428571;0.0;1.6626492
0.469;3.73680561428571;0.0;1.66837908571429
0.47;3.73148087142857;0.0;1.67385782857143
0.471;3.72716861428571;0.0;1.67499665714286
0.472;3.73086962857143;0.0;1.68472652857143
0.473;3.73240785714286;0.0;1.69591258571429
0.474;3.72580808571429;0.0;1.70415604285714
0.475;3.72560757142857;0.0;1.70983901428571
0.476;3.72677765714286;0.0;1.71878252857143
0.477;3.72671364285714;0.0;1.73211494285714
0.478;3.71671434285714;0.0;1.7385876
0.479;3.71319332857143;0.0;1.74685331428571
0.48;3.71633678571429;0.0;1.75945431428571
0.481;3.7197842;0.0;1.77641194285714
0.482;3.71913601428571;0.0;1.78610595714286
0.483;3.71582688571429;0.0;1.79349172857143
0.484;3.71276772857143;0.0;1.80758898571429
0.485;3.71268675714286;0.0;1.81822794285714
0.486;3.71413002857143;0.0;1.83212912857143
0.487;3.71643952857143;0.0;1.85371131428571
0.488;3.71924042857143;0.0;1.87650731428571
0.489;3.7215875;0.0;1.89949682857143
0.49;3.72377337142857;0.0;1.92527342857143
0.491;3.72606411428571;0.0;1.95904527142857
0.492;3.72836227142857;0.0;1.99390035714286
0.493;3.73270438571429;0.0;2.03049032857143
0.494;3.74372037142857;0.0;2.07615557142857
0.495;3.75133734285714;0.0;2.12451578571429
0.496;3.7604875;0.0;2.17646724285714
0.497;3.77591921428571;0.0;2.23424348571429
0.498;3.78055252857143;0.0;2.29531515714286
0.499;3.78652131428571;0.0;2.35985514285714
0.5;3.79911444285714;0.0;2.42910825714286
0.501;3.81950622857143;0.0;2.51411634285714
0.502;3.83635175714286;0.0;2.60244631428571
0.503;3.85124045714286;0.0;2.69382178571429
0.504;3.87301498571429;0.0;2.79686131428571
0.505;3.89819654285714;0.0;2.90876447142857
0.506;3.9255423;0.0;3.02989728571429
0.507;3.95643215714286;0.0;3.16349481428571
0.508;3.9895092;0.0;3.30878231428571
0.509;4.02730618571429;0.0;3.46647678571429
0.51;4.07120708571429;0.0;3.63765402857143
0.511;4.12030094285714;0.0;3.82089924285714
0.512;4.17523895714286;0.0;4.01696985714286
0.513;4.23606137142857;0.0;4.22739522857143
0.514;4.31129958571429;0.0;4.46141684285714
0.515;4.38993997142857;0.0;4.70514134285714
0.516;4.47389674285714;0.0;4.95942118571429
0.517;4.56759301428571;0.0;5.23105477142857
0.518;4.67174695714286;0.0;5.51342975714286
0.519;4.78543598571429;0.0;5.80746828571429
0.52;4.9095966;0.0;6.11758875714286
0.521;5.04179535714286;0.0;6.43312852857143
0.522;5.17829634285714;0.0;6.74953762857143
0.523;5.3173732;0.0;7.06470774285714
0.524;5.46495552857143;0.0;7.38094567142857
0.525;5.61133624285714;0.0;7.68775431428571
0.526;5.75402684285714;0.0;7.98246497142857
0.527;5.8931892;0.0;8.26475065714286
0.528;6.03149897142857;0.0;8.53431494285714
0.529;6.16469902857143;0.0;8.78834795714286
0.53;6.28414902857143;0.0;9.02064824285714
0.531;6.39469702857143;0.0;9.23263564285714
0.532;6.49847255714286;0.0;9.42708928571428
0.533;6.5959378;0.0;9.60467494285714
0.534;6.68080367142857;0.0;9.76105385714286
0.535;6.75638045714286;0.0;9.90242691428571
0.536;6.82414644285714;0.0;10.0308982714286
0.537;6.88550634285714;0.0;10.1433828857143
0.538;6.93782947142857;0.0;10.2416703571429
0.539;6.98065587142857;0.0;10.3257603857143
0.54;7.01234891428571;0.0;10.3944120142857
0.541;7.04537967142857;0.0;10.461776
0.542;7.07764055714286;0.0;10.5258386714286
0.543;7.10378954285714;0.0;10.5806667714286
0.544;7.12983311428571;0.0;10.6353680571429
0.545;7.15589992857143;0.0;10.6905621428571
0.546;7.18135154285714;0.0;10.7446656428571
0.547;7.21079262857143;0.0;10.8012878142857
0.548;7.23839905714286;0.0;10.8571843571429
0.549;7.26194661428571;0.0;10.9103056571429
0.55;7.28191364285714;0.0;10.9536025714286
0.551;7.29914374285714;0.0;10.9942932428571
0.552;7.31183814285714;0.0;11.0298290857143
0.553;7.31620202857143;0.0;11.0479909714286
0.554;7.31124202857143;0.0;11.0506831857143
0.555;7.29532458571429;0.0;11.0379549428571
0.556;7.26537005714286;0.0;11.0075767
0.557;7.22597225714286;0.0;10.9587981285714
0.558;7.17640081428571;0.0;10.8929353142857
0.559;7.1146326;0.0;10.8089240714286
0.56;7.04596771428571;0.0;10.7118692428571
0.561;6.97168088571429;0.0;10.6038802428571
0.562;6.89248208571429;0.0;10.4858801571429
0.563;6.80867794285714;0.0;10.3589424285714
0.564;6.71875562857143;0.0;10.2204646142857
0.565;6.62264578571429;0.0;10.0705508571429
0.566;6.52337485714286;0.0;9.91139608571429
0.567;6.41728462857143;0.0;9.73914322857143
0.568;6.3079728;0.0;9.55757432857143
0.569;6.1986388;0.0;9.36946251428571
0.57;6.08623834285714;0.0;9.17466451428571
0.571;5.97445512857143;0.0;8.97833088571429
0.572;5.8662583;0.0;8.78434311428571
0.573;5.76170345714286;0.0;8.59308262857143
0.574;5.66258234285714;0.0;8.40782467142857
0.575;5.56994352857143;0.0;8.23116481428571
0.576;5.48524464285714;0.0;8.06842608571428
0.577;5.40672932857143;0.0;7.91358592857143
0.578;5.33355061428571;0.0;7.76633452857143
0.579;5.26507387142857;0.0;7.62927824285714
0.58;5.20143024285714;0.0;7.50097995714286
0.581;5.14273134285714;0.0;7.38069884285714
0.582;5.08967691428571;0.0;7.26863491428571
0.583;5.04137837142857;0.0;7.16407864285714
0.584;4.99637855714286;0.0;7.06517948571429
0.585;4.95445255714286;0.0;6.9720322
0.586;4.91468111428571;0.0;6.88567634285714
0.587;4.87763071428571;0.0;6.80442855714286
0.588;4.8433602;0.0;6.72825177142857
0.589;4.81372245714286;0.0;6.66105434285714
0.59;4.78557158571429;0.0;6.59731232857143
0.591;4.75992312857143;0.0;6.53826208571429
0.592;4.73916984285714;0.0;6.48787352857143
0.593;4.71773307142857;0.0;6.44220102857143
0.594;4.69892792857143;0.0;6.40153697142857
0.595;4.68594264285714;0.0;6.36687828571429
0.596;4.6716545;0.0;6.33557834285714
0.597;4.65788688571429;0.0;6.3064386
0.598;4.64553565714286;0.0;6.27865811428571
0.599;4.63189018571429;0.0;6.25033111428572
0.6;4.61770885714286;0.0;6.22101885714286
0.601;4.60321344285714;0.0;6.18999274285714
0.602;4.5892976;0.0;6.15619815714286
0.603;4.57231955714286;0.0;6.11717497142857
0.604;4.55322615714286;0.0;6.07336825714286
0.605;4.5335307;0.0;6.02455265714286
0.606;4.51166401428571;0.0;5.97004568571429
0.607;4.4880261;0.0;5.91094258571429
0.608;4.4635635;0.0;5.84864344285714
0.609;4.43660308571429;0.0;5.77853017142857
0.61;4.40940625714286;0.0;5.70636541428571
0.611;4.38240487142857;0.0;5.63401635714286
0.612;4.35485211428571;0.0;5.56025908571429
0.613;4.32991038571429;0.0;5.48854865714286
0.614;4.30699437142857;0.0;5.41853831428571
0.615;4.2826751;0.0;5.348887
0.616;4.26084517142857;0.0;5.28308867142857
0.617;4.24109157142857;0.0;5.2213375
0.618;4.22208792857143;0.0;5.16308642857143
0.619;4.20443118571429;0.0;5.10767741428571
0.62;4.18794488571429;0.0;5.05770791428571
0.621;4.17300351428571;0.0;5.01517157142857
0.622;4.16108845714286;0.0;4.97596684285714
0.623;4.14960261428571;0.0;4.94012092857143
0.624;4.13826658571429;0.0;4.90901451428571
0.625;4.13163775714286;0.0;4.88700038571429
0.626;4.12459074285714;0.0;4.87054328571429
0.627;4.11807302857143;0.0;4.85798064285714
0.628;4.11340288571429;0.0;4.84608798571429
0.629;4.11026007142857;0.0;4.84042855714286
0.63;4.10824928571429;0.0;4.83704507142857
0.631;4.10711292857143;0.0;4.8318645
0.632;4.10581335714286;0.0;4.82674761428571
0.633;4.10160502857143;0.0;4.8149142
0.634;4.09368201428571;0.0;4.79252674285714
0.635;4.08666594285714;0.0;4.76167267142857
0.636;4.07680637142857;0.0;4.72113532857143
0.637;4.06392317142857;0.0;4.67070894285714
0.638;4.04998905714286;0.0;4.6098066
0.639;4.03229662857143;0.0;4.53829117142857
0.64;4.01292824285714;0.0;4.45842857142857
0.641;3.99532985714286;0.0;4.37267861428571
0.642;3.97682912857143;0.0;4.2841842
0.643;3.95737351428571;0.0;4.19331737142857
0.644;3.93737814285714;0.0;4.10026688571429
0.645;3.91962692857143;0.0;4.0103089
0.646;3.90308302857143;0.0;3.92211625714286
0.647;3.887028;0.0;3.83604372857143
0.648;3.87284068571429;0.0;3.75751271428571
0.649;3.86097148571429;0.0;3.68810304285714
0.65;3.85147081428571;0.0;3.62749557142857
0.651;3.84319322857143;0.0;3.57539587142857
0.652;3.83623678571429;0.0;3.53020271428571
0.653;3.830816;0.0;3.48946781428571
0.654;3.826697;0.0;3.44995984285714
0.655;3.82263122857143;0.0;3.40979794285714
0.656;3.81791855714286;0.0;3.36607675714286
0.657;3.81245974285714;0.0;3.31619571428571
0.658;3.80584238571429;0.0;3.25662232857143
0.659;3.79950011428571;0.0;3.19168757142857
0.66;3.79387485714286;0.0;3.12158691428571
0.661;3.78856001428571;0.0;3.04297408571429
0.662;3.78424024285714;0.0;2.9620726
0.663;3.78119254285714;0.0;2.88061207142857
0.664;3.7801004;0.0;2.79903202857143
0.665;3.78097064285714;0.0;2.7187115
0.666;3.78453075714286;0.0;2.64132331428571
0.667;3.7920682;0.0;2.56933228571429
0.668;3.80222778571429;0.0;2.50401308571429
0.669;3.8131253;0.0;2.44426767142857
0.67;3.82497807142857;0.0;2.38991512857143
0.671;3.84757171428571;0.0;2.3477231
0.672;3.87323548571429;0.0;2.31433461428571
0.673;3.89970297142857;0.0;2.28757557142857
0.674;3.92613294285714;0.0;2.26509061428571
0.675;3.95787455714286;0.0;2.24963832857143
0.676;3.99481458571429;0.0;2.24175678571429
0.677;4.03569481428571;0.0;2.24175745714286
0.678;4.07839858571429;0.0;2.24518261428571
0.679;4.12535878571429;0.0;2.2561279
0.68;4.17823121428571;0.0;2.27933482857143
0.681;4.23137425714286;0.0;2.31686597142857
0.682;4.28619897142857;0.0;2.37091028571429
0.683;4.34263475714286;0.0;2.44458908571429
0.684;4.39855048571429;0.0;2.54668577142857
0.685;4.4516187;0.0;2.67343902857143
0.686;4.50262118571429;0.0;2.82757577142857
0.687;4.55284648571429;0.0;3.01823824285714
0.688;4.60269977142857;0.0;3.24882924285714
0.689;4.654464;0.0;3.52028821428571
0.69;4.7125074;0.0;3.84141785714286
0.691;4.78351174285714;0.0;4.2233458
0.692;4.87454044285714;0.0;4.66852697142857
0.693;4.99361387142857;0.0;5.1850629
0.694;5.1566034;0.0;5.791735
0.695;5.36391788571429;0.0;6.47302495714286
0.696;5.62020385714286;0.0;7.22609398571428
0.697;5.94066877142857;0.0;8.05782107142857
0.698;6.32102851428571;0.0;8.9476911
0.699;6.75924088571429;0.0;9.88497671428572
0.7;7.26110665714286;0.0;10.8655659428571
0.701;7.82088751428571;0.0;11.8782455285714
0.702;8.427786;0.0;12.9073658714286
0.703;9.07878848571429;0.0;13.9438763571429
0.704;9.76798551428571;0.0;14.9785489142857
0.705;10.4862548428571;0.0;16.0090441857143
0.706;11.2297728571429;0.0;17.0326312714286
0.707;11.9957950571429;0.0;18.0402915571429
0.708;12.7833637714286;0.0;19.0405015571429
0.709;13.5897074857143;0.0;20.0336244714286
0.71;14.4129043;0.0;21.0177399285714
0.711;15.2570915285714;0.0;21.9972923714286
0.712;16.1185052571429;0.0;22.9732403
0.713;16.9960478857143;0.0;23.9457841714286
0.714;17.8920399571429;0.0;24.9164078714286
0.715;18.8005024571429;0.0;25.8826929142857
0.716;19.7203228142857;0.0;26.843953
0.717;20.6551075142857;0.0;27.8016427571429
0.718;21.5986925571429;0.0;28.7564752428571
0.719;22.5480884571429;0.0;29.7059500428571
0.72;23.5016825142857;0.0;30.6444876857143
0.721;24.4573856285714;0.0;31.5745499714286
0.722;25.4107071428571;0.0;32.4929314
0.723;26.3582865857143;0.0;33.3957560142857
0.724;27.2949092142857;0.0;34.2803844
0.725;28.2189930428571;0.0;35.1463501571429
0.726;29.1288165;0.0;35.9917515857143
0.727;30.0175681714286;0.0;36.8119291
0.728;30.8855374714286;0.0;37.6082738428571
0.729;31.7308423;0.0;38.3788550714286
0.73;32.5459894714286;0.0;39.1156377285714
0.731;33.3342973571429;0.0;39.8267999142857
0.732;34.0954569;0.0;40.5112897428571
0.733;34.8239064571429;0.0;41.1616239
0.734;35.5159387714286;0.0;41.7794481
0.735;36.1762044571429;0.0;42.3682836714286
0.736;36.8038961;0.0;42.9264735857143
0.737;37.3949565571429;0.0;43.4515389714286
0.738;37.9530593;0.0;43.9461530714286
0.739;38.4782294142857;0.0;44.4107734714286
0.74;38.9656107;0.0;44.8447746
0.741;39.4202430714286;0.0;45.2497693285714
0.742;39.8431492571429;0.0;45.6269221714286
0.743;40.2302290285714;0.0;45.9735547
0.744;40.5846599857143;0.0;46.2909368
0.745;40.9104258714286;0.0;46.5836913142857
0.746;41.2060307285714;0.0;46.8519354285714
0.747;41.4682804714286;0.0;47.0909424428571
0.748;41.7039445285714;0.0;47.3079628571429
0.749;41.9152474857143;0.0;47.5048471142857
0.75;42.1022449857143;0.0;47.6792286857143
0.751;42.2676054;0.0;47.8372068571429
0.752;42.4136613142857;0.0;47.9796483142857
0.753;42.5424918714286;0.0;48.1050198
0.754;42.6525290857143;0.0;48.2149012142857
0.755;42.7484006285714;0.0;48.3135940857143
0.756;42.8323357285714;0.0;48.4028338142857
0.757;42.9050408;0.0;48.4820010857143
0.758;42.9678137285714;0.0;48.5528306571429
0.759;43.0213912285714;0.0;48.6160466857143
0.76;43.0659926571429;0.0;48.6711924857143
0.761;43.1034595142857;0.0;48.7207216142857
0.762;43.1329571;0.0;48.7631486571429
0.763;43.1536640285714;0.0;48.7965283142857
0.764;43.1701523;0.0;48.8271236142857
0.765;43.1812436857143;0.0;48.8538402
0.766;43.1840753714286;0.0;48.8734172142857
0.767;43.1824619285714;0.0;48.8892955428571
0.768;43.1776469428571;0.0;48.9022992428571
0.769;43.1702092714286;0.0;48.9133188428571
0.77;43.1618686714286;0.0;48.9236063571429
0.771;43.1513575285714;0.0;48.9322616571429
0.772;43.1391854714286;0.0;48.9392003714286
0.773;43.1270105;0.0;48.9454982571429
0.774;43.1152223714286;0.0;48.9521321142857
0.775;43.1035352428571;0.0;48.9590041571429
0.776;43.0916592571429;0.0;48.9659443857143
0.777;43.0814832428571;0.0;48.9739039714286
0.778;43.0722842285714;0.0;48.9826200857143
0.779;43.0637720142857;0.0;48.9914806857143
0.78;43.0542123714286;0.0;48.9969766142857
0.781;43.0459755428571;0.0;49.0052327285714
0.782;43.0388247142857;0.0;49.0160993571429
0.783;43.0319342857143;0.0;49.0269740285714
0.784;43.0264066285714;0.0;49.0386281142857
0.785;43.0213193285714;0.0;49.0499288857143
0.786;43.0158598142857;0.0;49.0601432142857
0.787;43.0132973857143;0.0;49.0738462714286
0.788;43.0111136285714;0.0;49.0876433285714
0.789;43.0083727;0.0;49.1003907
0.79;43.0050696571429;0.0;49.1141273285714
0.791;43.0024806285714;0.0;49.1277544571429
0.792;43.0011521142857;0.0;49.1411549142857
0.793;43.0013319142857;0.0;49.1547853
0.794;43.0012804428571;0.0;49.1704612285714
0.795;43.0011047142857;0.0;49.1867347285714
0.796;43.0014918857143;0.0;49.2026022857143
0.797;43.0014477428571;0.0;49.2177798857143
0.798;43.0012926428571;0.0;49.2323371571429
0.799;43.0008397571429;0.0;49.2460925857143
0.8;43.0014276;0.0;49.2623029857143
0.801;43.0024249571429;0.0;49.2772983857143
0.802;43.0038126571429;0.0;49.2914678142857
0.803;43.0049052142857;0.0;49.3058695285714
0.804;43.0060687714286;0.0;49.3215979285714
0.805;43.0077952142857;0.0;49.3373610428571
0.806;43.0101330571429;0.0;49.3520377142857
0.807;43.0142854714286;0.0;49.3688569142857
0.808;43.0173296714286;0.0;49.3854098571429
0.809;43.0191806285714;0.0;49.4009842857143
0.81;43.0213214571429;0.0;49.4158574142857
0.811;43.0245538;0.0;49.4323434
0.812;43.0279920714286;0.0;49.4492360571429
0.813;43.0293260714286;0.0;49.4629065428571
0.814;43.0329277142857;0.0;49.4778930714286
0.815;43.0352494428571;0.0;49.4925563
0.816;43.0355595571429;0.0;49.5068291714286
0.817;43.0392779142857;0.0;49.5226219428571
0.818;43.0421249571429;0.0;49.5381800714286
0.819;43.0433983571429;0.0;49.5529522285714
0.82;43.0465370571429;0.0;49.5669813571429
0.821;43.0507210428571;0.0;49.5837043142857
0.822;43.0545924285714;0.0;49.6001915571429
0.823;43.0565967571429;0.0;49.6131764571429
0.824;43.0604873857143;0.0;49.6279028571429
0.825;43.0629168;0.0;49.6410861285714
0.826;43.0625258285714;0.0;49.6513468285714
0.827;43.0635485571429;0.0;49.6643601285714
0.828;43.0643601142857;0.0;49.6775913
0.829;43.0650152142857;0.0;49.6906600714286
0.83;43.0662454;0.0;49.7037773714286
0.831;43.0669624857143;0.0;49.7151860714286
0.832;43.0672351142857;0.0;49.7256553285714
0.833;43.0676712857143;0.0;49.7372209571429
0.834;43.0695897714286;0.0;49.7524028571429
0.835;43.0705506428571;0.0;49.7660024857143
0.836;43.0694795428571;0.0;49.7760381142857
0.837;43.0706376142857;0.0;49.7873978
0.838;43.0712123857143;0.0;49.7994647
0.839;43.0721405142857;0.0;49.8120142857143
0.84;43.0735684142857;0.0;49.8232198428571
0.841;43.0742041714286;0.0;49.8353502
0.842;43.0750752857143;0.0;49.8478435571429
0.843;43.0776073714286;0.0;49.8608885285714
0.844;43.0793568714286;0.0;49.8728154285714
0.845;43.0799034285714;0.0;49.8845073857143
0.846;43.0791280857143;0.0;49.8956734
0.847;43.0793190714286;0.0;49.9072503714286
0.848;43.0774770142857;0.0;49.9180460428571
0.849;43.0755619;0.0;49.9281927
0.85;43.0753331714286;0.0;49.9371177857143
0.851;43.0769209857143;0.0;49.9493219142857
0.852;43.0776325142857;0.0;49.9606714
0.853;43.0766895714286;0.0;49.9703366
0.854;43.0725245857143;0.0;49.9781347142857
0.855;43.0722620714286;0.0;49.9883553857143
0.856;43.0745782714286;0.0;49.9998953571429
0.857;43.0745602714286;0.0;50.0103313714286
0.858;43.0723336;0.0;50.018773
0.859;43.0685463857143;0.0;50.0271535
0.86;43.0644351285714;0.0;50.0366948285714
0.861;43.0648406571429;0.0;50.0474343142857
0.862;43.0625830714286;0.0;50.0562599
0.863;43.0592439857143;0.0;50.0643716428571
0.864;43.062376;0.0;50.0759802571429
0.865;43.0591213;0.0;50.0830605857143
0.866;43.0536991571429;0.0;50.0899333428571
0.867;43.0523073428571;0.0;50.1017795
0.868;43.0527160857143;0.0;50.1112582285714
0.869;43.0502625571429;0.0;50.1182336285714
0.87;43.0451484142857;0.0;50.1236419428571
0.871;43.0427365;0.0;50.1313968714286
0.872;43.0396985571429;0.0;50.1384429428571
0.873;43.0363849857143;0.0;50.1462286857143
0.874;43.0347768142857;0.0;50.1573618428571
0.875;43.0327810714286;0.0;50.1659370857143
0.876;43.0299392714286;0.0;50.1725774142857
0.877;43.0266044714286;0.0;50.1789314142857
0.878;43.0213423428571;0.0;50.1854071571429
0.879;43.0187658571429;0.0;50.1934068714286
0.88;43.0173530571429;0.0;50.2005537
0.881;43.0124020142857;0.0;50.2027722571429
0.882;43.0120058714286;0.0;50.2139258428571
0.883;43.0111604571429;0.0;50.2258328571429
0.884;43.0063797571429;0.0;50.2311999428571
0.885;43.0055493571429;0.0;50.2409078
0.886;43.0031436857143;0.0;50.247855
0.887;42.9976369142857;0.0;50.2513287428571
0.888;42.9898250428571;0.0;50.2534547714286
0.889;42.9862928142857;0.0;50.2596848714286
0.89;42.9832810142857;0.0;50.2672732
0.891;42.9772631857143;0.0;50.2728883285714
0.892;42.9720919428571;0.0;50.2782457428571
0.893;42.9665281;0.0;50.2830406714286
0.894;42.9606468;0.0;50.2874104285714
0.895;42.9625520285714;0.0;50.2979044714286
0.896;42.9603642142857;0.0;50.3060325428571
0.897;42.9566016714286;0.0;50.3132704428571
0.898;42.9543454714286;0.0;50.3216019285714
0.899;42.9472064714286;0.0;50.3259316714286
0.9;42.9418403428571;0.0;50.3310509428571
0.901;42.9405590714286;0.0;50.3388224142857
0.902;42.930254;0.0;50.3408714428571
0.903;42.9268798285714;0.0;50.3481905142857
0.904;42.9268233428571;0.0;50.3570996857143
0.905;42.9205398285714;0.0;50.3602033714286
0.906;42.9183341142857;0.0;50.3623184
0.907;42.9171225285714;0.0;50.3690476142857
0.908;42.9146763142857;0.0;50.3816173142857
0.909;42.9042887428571;0.0;50.3804664285714
0.91;42.8980384857143;0.0;50.3843937142857
0.911;42.8942524428571;0.0;50.3917280142857
0.912;42.8865181285714;0.0;50.3928644428571
0.913;42.8808359;0.0;50.3952362
0.914;42.8760616428571;0.0;50.3987512428571
0.915;42.8708082571429;0.0;50.4033236142857
0.916;42.8678959428571;0.0;50.4087627142857
0.917;42.8620923142857;0.0;50.4120064857143
0.918;42.8542661571429;0.0;50.4144737714286
0.919;42.8499559857143;0.0;50.4201236714286
0.92;42.8428224142857;0.0;50.4208234428571
0.921;42.8355820571429;0.0;50.4210438
0.922;42.8297652428571;0.0;50.4243924714286
0.923;42.8221114142857;0.0;50.4291371285714
0.924;42.8137915857143;0.0;50.4325571285714
0.925;42.8040489571429;0.0;50.4328059714286
0.926;42.7980937428571;0.0;50.4303381714286
0.927;42.7855409571429;0.0;50.4287286285714
0.928;42.7718632142857;0.0;50.4279761714286
0.929;42.7606827428571;0.0;50.4268889571429
0.93;42.7506156285714;0.0;50.4208896142857
0.931;42.7418789142857;0.0;50.4190005428571
0.932;42.7326529714286;0.0;50.4211343571429
0.933;42.7182640428571;0.0;50.4253480428571
0.934;42.6989743571429;0.0;50.4121909857143
0.935;42.6819891714286;0.0;50.3998900571429
0.936;42.6731451857143;0.0;50.4012910142857
0.937;42.6617286142857;0.0;50.3947574
0.938;42.6453870714286;0.0;50.3862080142857
0.939;42.6302287571429;0.0;50.3818899142857
0.94;42.6287163;0.0;50.3873206142857
0.941;42.6050023857143;0.0;50.3764838571429
0.942;42.5699346714286;0.0;50.3585832
0.943;42.5376477428571;0.0;50.3439835142857
0.944;42.5210120714286;0.0;50.3362833571429
0.945;42.5104298571429;0.0;50.3247336571429
0.946;42.498905;0.0;50.3097649142857
0.947;42.4727269714286;0.0;50.2997696142857
0.948;42.4463733714286;0.0;50.2869631857143
0.949;42.4176446571429;0.0;50.2680793142857
0.95;42.3828220714286;0.0;50.2416920428571
0.951;42.3380266857143;0.0;50.2126864571429
0.952;42.3031496714286;0.0;50.1842215142857
0.953;42.2759645;0.0;50.1580338142857
0.954;42.2409477428571;0.0;50.1365671142857
0.955;42.2035808714286;0.0;50.1165585
0.956;42.1686340428571;0.0;50.1007561571429
0.957;42.1402542;0.0;50.0888308142857
0.958;42.1197184;0.0;50.0595201571429
0.959;42.0827259857143;0.0;50.0255171571429
0.96;42.0360822285714;0.0;49.9953807285714
0.961;42.0069904142857;0.0;49.9811425428571
0.962;41.9841831285714;0.0;49.9627522571429
0.963;41.9673992142857;0.0;49.9518463571429
0.964;41.9564387714286;0.0;49.9547297
0.965;41.9341059285714;0.0;49.9497883714286
0.966;41.9218357857143;0.0;49.9366924571429
0.967;41.9108753857143;0.0;49.9199649142857
0.968;41.8921873857143;0.0;49.9116797714286
0.969;41.8753310714286;0.0;49.9071234428571
0.97;41.8504430285714;0.0;49.8913765714286
0.971;41.8188603857143;0.0;49.8689259428571
0.972;41.8112768142857;0.0;49.8824860857143
0.973;41.7988433;0.0;49.8811399857143
0.974;41.7893600714286;0.0;49.8783310571429
0.975;41.7965099714286;0.0;49.8930369571429
0.976;41.7727711571429;0.0;49.8742679857143
0.977;41.7604769857143;0.0;49.8638257285714
0.978;41.7657202857143;0.0;49.8694874571429
0.979;41.7556302714286;0.0;49.8611986857143
0.98;41.7573862571429;0.0;49.8610010285714
0.981;41.7513057142857;0.0;49.8610299285714
0.982;41.7258797857143;0.0;49.8582231
0.983;41.7228393285714;0.0;49.8713297857143
0.984;41.7191443714286;0.0;49.8706257428571
0.985;41.7127873428571;0.0;49.8616686571429
0.986;41.7088403714286;0.0;49.8739415428571
0.987;41.7071660285714;0.0;49.8854641428571
0.988;41.7094968285714;0.0;49.8812341
0.989;41.7212765;0.0;49.8661986428571
0.99;41.7257897714286;0.0;49.8778301714286
0.991;41.7334599142857;0.0;49.8876799142857
0.992;41.7352567285714;0.0;49.8933277571429
0.993;41.7198081857143;0.0;49.9023185142857
0.994;41.7339154142857;0.0;49.9194817857143
0.995;41.7318958285714;0.0;49.9248456142857
0.996;41.7152870142857;0.0;49.9271483857143
0.997;41.7380421;0.0;49.9628036285714
0.998;41.7120895142857;0.0;49.9752038
0.999;41.6789042714286;0.0;49.9691961857143
1;41.6883602142857;0.0;49.9594236285714
1.001;41.6932946;0.0;49.9542534
1.002;41.6937907285714;0.0;49.9537424285714
1.003;41.7020308285714;0.0;49.9469845428571
1.004;41.7041909285714;0.0;49.9387259571429
1.005;41.7074297;0.0;49.9677167857143
1.006;41.7220720142857;0.0;50.0157227428571
1.007;41.7399329857143;0.0;50.0487779428571
1.008;41.7682291428571;0.0;50.0924347714286
1.009;41.8084748;0.0;50.1350519714286
1.01;41.8179498;0.0;50.1397491714286
1.011;41.8169747571429;0.0;50.1530985142857
1.012;41.8360345142857;0.0;50.1751381285714
1.013;41.8277776285714;0.0;50.1636893142857
1.014;41.8203097428571;0.0;50.172134
1.015;41.8247221;0.0;50.2033189857143
1.016;41.8339456857143;0.0;50.2296618571429
1.017;41.8394988142857;0.0;50.2453650142857
1.018;41.8574461571429;0.0;50.2641723142857
1.019;41.8856288285714;0.0;50.2825277428571
1.02;41.9088871142857;0.0;50.2954486428571
1.021;41.9122188285714;0.0;50.2879614428571
1.022;41.9142482142857;0.0;50.2916737571429
1.023;41.9199343428571;0.0;50.3037821571428
1.024;41.9208875428571;0.0;50.3184144428571
1.025;41.9361710142857;0.0;50.3745543142857
1.026;41.9608750857143;0.0;50.4154597857143
1.027;41.9744330285714;0.0;50.4372768285714
1.028;41.9658074142857;0.0;50.4359770428571
1.029;41.9713233;0.0;50.4523675
1.03;41.9870088857143;0.0;50.4675118571429
1.031;41.9967029714286;0.0;50.4849041
1.032;42.0145733;0.0;50.5180554285714
1.033;42.0489036428571;0.0;50.5500581857143
1.034;42.0611961428571;0.0;50.5639444857143
1.035;42.0436144714286;0.0;50.5522735285714
1.036;42.0234150857143;0.0;50.5364334857143
1.037;42.0190785285714;0.0;50.5401011
1.038;42.0262926285714;0.0;50.5569462714286
1.039;42.0353941857143;0.0;50.5650965428571
1.04;42.0514011285714;0.0;50.5856696571429
1.041;42.0693770142857;0.0;50.6289925571429
1.042;42.0731644571429;0.0;50.6578187142857
1.043;42.0672995571429;0.0;50.6673949428571
1.044;42.0765881428571;0.0;50.6924688428571
1.045;42.0716751142857;0.0;50.6986079714286
1.046;42.0709927;0.0;50.6892926714286
1.047;42.0870611571429;0.0;50.6943883285714
1.048;42.0918277428571;0.0;50.6986102714286
1.049;42.1020644571429;0.0;50.6938186
1.05;42.1208254428571;0.0;50.7118724142857
1.051;42.1161782;0.0;50.7288842857143
1.052;42.1106194714286;0.0;50.7261472428571
1.053;42.1158505142857;0.0;50.7489258428571
1.054;42.124033;0.0;50.7868413
1.055;42.1450397571429;0.0;50.7958352571429
1.056;42.1546509714286;0.0;50.8040261857143
1.057;42.1636866428571;0.0;50.8116637428571
1.058;42.1705839;0.0;50.8133679142857
1.059;42.1638711714286;0.0;50.8284649
1.06;42.1503571857143;0.0;50.8480505428571
1.061;42.1454508714286;0.0;50.8536509
1.062;42.1520067285714;0.0;50.8717152714286
1.063;42.1531564285714;0.0;50.8825997142857
1.064;42.1513513714286;0.0;50.8790539857143
1.065;42.1491416714286;0.0;50.8732950714286
1.066;42.1594623;0.0;50.8771324428571
1.067;42.1667574428571;0.0;50.8914359142857
1.068;42.1652380714286;0.0;50.9114036
1.069;42.1597302857143;0.0;50.9176170714286
1.07;42.1482928428571;0.0;50.9143949285714
1.071;42.1339757571429;0.0;50.9103154571429
1.072;42.1295286142857;0.0;50.9147613428571
1.073;42.1471555428571;0.0;50.9283873
1.074;42.165119;0.0;50.9510238857143
1.075;42.1550252142857;0.0;50.9625753142857
1.076;42.1334811714286;0.0;50.9586375571429
1.077;42.1224596285714;0.0;50.9593265
1.078;42.1147193285714;0.0;50.9602214428571
1.079;42.1190982714286;0.0;50.9645712428571
1.08;42.1341953428571;0.0;50.9785731142857
1.081;42.1428714428571;0.0;51.0032858285714
1.082;42.1285234285714;0.0;50.9993014142857
1.083;42.1120778428571;0.0;50.9790312571429
1.084;42.1095942714286;0.0;50.9734898142857
1.085;42.1078273714286;0.0;50.9753513714286
1.086;42.1256156;0.0;50.9928179
1.087;42.1252981428571;0.0;51.0061314
1.088;42.0995394285714;0.0;51.0105137571429
1.089;42.0898740571429;0.0;51.0123112857143
1.09;42.0846133571429;0.0;51.0117765714286
1.091;42.0768875;0.0;51.0064485285714
1.092;42.0823610857143;0.0;51.0091408714286
1.093;42.0734901428571;0.0;51.0036467714286
1.094;42.0527327714286;0.0;50.9893614571429
1.095;42.0426197142857;0.0;50.9910508571429
1.096;42.0419314571429;0.0;51.0130113285714
1.097;42.0383713571429;0.0;51.0135070714286
1.098;42.0384912571429;0.0;51.0074336428571
1.099;42.0207138714286;0.0;51.0056423857143
1.1;41.9958551428571;0.0;50.9861209428571
1.101;42.0000283;0.0;50.9926614714286
1.102;42.0027126857143;0.0;51.0082863714286
1.103;41.9863409857143;0.0;51.0127401857143
1.104;41.9726716142857;0.0;51.0035825571429
1.105;41.9650125428571;0.0;50.9996318857143
1.106;41.9562752571429;0.0;50.9992319
1.107;41.9537820428571;0.0;50.9963798142857
1.108;41.9439457857143;0.0;50.9898185857143
1.109;41.9215701;0.0;50.9890649285714
1.11;41.9091536857143;0.0;50.9882888
1.111;41.9083485;0.0;50.9837551571429
1.112;41.9014388285714;0.0;50.9738593714286
1.113;41.9021377714286;0.0;50.9662121571429
1.114;41.8900237571429;0.0;50.9610785142857
1.115;41.8619559428571;0.0;50.9600658714286
1.116;41.8507623142857;0.0;50.9602682571429
1.117;41.8372486285714;0.0;50.9584462142857
1.118;41.8310762;0.0;50.9631605428571
1.119;41.8173817571429;0.0;50.9565414142857
1.12;41.7873890142857;0.0;50.9397127285714
1.121;41.7567625714286;0.0;50.9275355714286
1.122;41.7411033142857;0.0;50.9172771428571
1.123;41.7435263857143;0.0;50.9127605142857
1.124;41.7435123285714;0.0;50.9135479714286
1.125;41.7099399428571;0.0;50.9011347
1.126;41.6649937;0.0;50.8838409
1.127;41.6257638857143;0.0;50.8478184571429
1.128;41.5890417;0.0;50.8085706428571
1.129;41.5605039857143;0.0;50.7914715714286
1.13;41.5362767714286;0.0;50.7820616142857
1.131;41.5135353571429;0.0;50.7497743428571
1.132;41.4690073571429;0.0;50.7058389
1.133;41.3964625571429;0.0;50.6541639571429
1.134;41.3261961142857;0.0;50.6016525714286
1.135;41.2647930714286;0.0;50.5543384571429
1.136;41.2142607;0.0;50.5077299428571
1.137;41.1675002428571;0.0;50.4625442142857
1.138;41.1091866571429;0.0;50.4189941285714
1.139;41.0324733142857;0.0;50.3533700285714
1.14;40.9516639571429;0.0;50.2759177285714
1.141;40.8769931285714;0.0;50.2158752285714
1.142;40.7975389857143;0.0;50.1582083142857
1.143;40.7180717571429;0.0;50.0925125428572
1.144;40.6525826428571;0.0;50.0258942428571
1.145;40.5831854857143;0.0;49.9543142428571
1.146;40.4863922714286;0.0;49.8660296285714
1.147;40.3979254142857;0.0;49.7901078857143
1.148;40.3346987428571;0.0;49.7417693142857
1.149;40.2736162;0.0;49.6943784571429
1.15;40.2072484142857;0.0;49.6373091714286
1.151;40.1351559571429;0.0;49.5747328714286
1.152;40.0672577857143;0.0;49.5162605285714
1.153;40.0054585285714;0.0;49.4614184571429
1.154;39.9380318428571;0.0;49.4071662571429
1.155;39.8726184428571;0.0;49.3580783857143
1.156;39.8183631571429;0.0;49.3100773428571
1.157;39.7730603;0.0;49.2668682
1.158;39.7259035285714;0.0;49.2264224142857
1.159;39.6885754428571;0.0;49.192616
1.16;39.6616637428571;0.0;49.1704786571429
1.161;39.6128364714286;0.0;49.1357948857143
1.162;39.5572896857143;0.0;49.0884402285714
1.163;39.5378175;0.0;49.0737471142857
1.164;39.5239176857143;0.0;49.0700653285714
1.165;39.5014313;0.0;49.0547306142857
1.166;39.4766609714286;0.0;49.0343777857143
1.167;39.4582007714286;0.0;49.0342176428571
1.168;39.4367520714286;0.0;49.0308720285714
1.169;39.4058601285714;0.0;49.0019143857143
1.17;39.3794762142857;0.0;48.9754629
1.171;39.3711606571429;0.0;48.9681403857143
1.172;39.3735134571429;0.0;48.9814409714286
1.173;39.3624887;0.0;48.9884578857143
1.174;39.3390624714286;0.0;48.9734963142857
1.175;39.3283192571429;0.0;48.9706730285714
1.176;39.3231366;0.0;48.9680276428571
1.177;39.3084160714286;0.0;48.9503916714286
1.178;39.2855882571429;0.0;48.9413873142857
1.179;39.2698506571429;0.0;48.9409645714286
1.18;39.2615186285714;0.0;48.9261273571429
1.181;39.2491363428571;0.0;48.9063809285714
1.182;39.2355502;0.0;48.9127121
1.183;39.2177263142857;0.0;48.9213466285714
1.184;39.1987834;0.0;48.8958198
1.185;39.1858479857143;0.0;48.8718701285714
1.186;39.1750749;0.0;48.8562688142857
1.187;39.1626178857143;0.0;48.8548489857143
1.188;39.1535272;0.0;48.8585008857143
1.189;39.1423986;0.0;48.8593269714286
1.19;39.1370720857143;0.0;48.8731689428571
1.191;39.1376259714286;0.0;48.8852963
1.192;39.1254867;0.0;48.8784017142857
1.193;39.1028614714286;0.0;48.8578774428571
1.194;39.0929843714286;0.0;48.8481246714286
1.195;39.1010938;0.0;48.8617754428571
1.196;39.1017416285714;0.0;48.8711436571429
1.197;39.0913228142857;0.0;48.8653757857143
1.198;39.0893722142857;0.0;48.8657489285714
1.199;39.0848196142857;0.0;48.8671853714286
1.2;39.0796908;0.0;48.8620125571429
1.201;39.0822721714286;0.0;48.8726536
1.202;39.0870544;0.0;48.8887226
1.203;39.0706005714286;0.0;48.8888337571429
1.204;39.0633607714286;0.0;48.8860419
1.205;39.0789537571429;0.0;48.9045337
1.206;39.0873235714286;0.0;48.9183709428571
1.207;39.0829108714286;0.0;48.9117179285714
1.208;39.0781236571429;0.0;48.9113635857143
1.209;39.0776353;0.0;48.9302491714286
1.21;39.0878202571429;0.0;48.9550418142857
1.211;39.1025468571429;0.0;48.9792040428571
1.212;39.1165321857143;0.0;49.0041629142857
1.213;39.1332922714286;0.0;49.0253058
1.214;39.1423156571429;0.0;49.0281670142857
1.215;39.1504193714286;0.0;49.0347845
1.216;39.1631295857143;0.0;49.059448
1.217;39.1699308285714;0.0;49.0741020857143
1.218;39.1796198142857;0.0;49.0783877285714
1.219;39.1911646428571;0.0;49.0861245857143
1.22;39.2024223714286;0.0;49.1163512428571
1.221;39.2166906285714;0.0;49.1503784857143
1.222;39.2552995714286;0.0;49.1790508571429
1.223;39.2858239714286;0.0;49.2030444857143
1.224;39.2947341857143;0.0;49.2363689571429
1.225;39.3003109285714;0.0;49.2587877571429
1.226;39.3165031571429;0.0;49.2797503142857
1.227;39.3389962428571;0.0;49.3110038857143
1.228;39.3503240571429;0.0;49.3325352285714
1.229;39.360457;0.0;49.3460068571429
1.23;39.3827912428571;0.0;49.3667714428571
1.231;39.4074779857143;0.0;49.4000385571429
1.232;39.4266450571429;0.0;49.4274374285714
1.233;39.4290152;0.0;49.4354062142857
1.234;39.4267244571429;0.0;49.4486423
1.235;39.4423959714286;0.0;49.4771066142857
1.236;39.4557946571429;0.0;49.4911500285714
1.237;39.4569739142857;0.0;49.4922689428571
1.238;39.4674969714286;0.0;49.5137754857143
1.239;39.4942447857143;0.0;49.5513170571429
1.24;39.5191876428571;0.0;49.5842992142857
1.241;39.5136023857143;0.0;49.5820975142857
1.242;39.5106573428571;0.0;49.5838776714286
1.243;39.532512;0.0;49.6090676142857
1.244;39.5608596857143;0.0;49.6463403142857
1.245;39.5773508714286;0.0;49.6699532
1.246;39.5769109285714;0.0;49.6755836857143
1.247;39.5717808714286;0.0;49.6794552428571
1.248;39.5807166285714;0.0;49.6915995285714
1.249;39.5987811857143;0.0;49.7155733571429
1.25;39.6130281142857;0.0;49.7423998714286
1.251;39.6205970857143;0.0;49.7527997714286
1.252;39.6148895857143;0.0;49.7509259571429
1.253;39.6070397571429;0.0;49.7580375714286
1.254;39.6199108428571;0.0;49.7789429571429
1.255;39.6301360428571;0.0;49.7935506857143
1.256;39.6265314142857;0.0;49.7981202142857
1.257;39.6309726571429;0.0;49.8096349142857
1.258;39.6512045714286;0.0;49.8316252857143
1.259;39.6725369714286;0.0;49.8522857714286
1.26;39.6624028285714;0.0;49.854369
1.261;39.6449696428571;0.0;49.8482195571429
1.262;39.6477481714286;0.0;49.8647896714286
1.263;39.6547243714286;0.0;49.8799205285714
1.264;39.6714501857143;0.0;49.8916239571429
1.265;39.6810838714286;0.0;49.8985081857143
1.266;39.6821620714286;0.0;49.9118466428571
1.267;39.6769295;0.0;49.9180680857143
1.268;39.6587646285714;0.0;49.9062881714286
1.269;39.6485187571429;0.0;49.9026897142857
1.27;39.6505653714286;0.0;49.9107421428571
1.271;39.6528958428571;0.0;49.9218254
1.272;39.6472115571429;0.0;49.9278361714286
1.273;39.6319204714286;0.0;49.9158328428571
1.274;39.6227908428571;0.0;49.9053597
1.275;39.6246466857143;0.0;49.9184890714286
1.276;39.6193047142857;0.0;49.9304280428571
1.277;39.6085216714286;0.0;49.9272868
1.278;39.6018401714286;0.0;49.9268944857143
1.279;39.5910613714286;0.0;49.9249166142857
1.28;39.5801743714286;0.0;49.9173469
1.281;39.5750034;0.0;49.9116533428571
1.282;39.5669096571429;0.0;49.9059697
1.283;39.5510650428571;0.0;49.8986790857143
1.284;39.5359872;0.0;49.8951305428571
1.285;39.5327386;0.0;49.8953057857143
1.286;39.5236417142857;0.0;49.8908785714286
1.287;39.5019415714286;0.0;49.8813661142857
1.288;39.4770522714286;0.0;49.8688476142857
1.289;39.4498435;0.0;49.8421140571429
1.29;39.4312956142857;0.0;49.8225591714286
1.291;39.4151848571429;0.0;49.8161453285714
1.292;39.4001838714286;0.0;49.8182709285714
1.293;39.3892921428571;0.0;49.8111088571429
1.294;39.3683916714286;0.0;49.7893952857143
1.295;39.3439693428571;0.0;49.7810829428571
1.296;39.3157554285714;0.0;49.7731826
1.297;39.2815583428571;0.0;49.7540141285714
1.298;39.2551503142857;0.0;49.7268397
1.299;39.2281997285714;0.0;49.6934063285714
1.3;39.1959474142857;0.0;49.6680568857143
1.301;39.1642095857143;0.0;49.6471541857143
1.302;39.1287975;0.0;49.6253538
1.303;39.0977433857143;0.0;49.6026941285714
1.304;39.0767911428571;0.0;49.5789737571429
1.305;39.0476677285714;0.0;49.5546069428571
1.306;38.9936588714286;0.0;49.5158615285714
1.307;38.9362547428571;0.0;49.4701034142857
1.308;38.9088424142857;0.0;49.4420407571429
1.309;38.8785747142857;0.0;49.4165960714286
1.31;38.8298997285714;0.0;49.3907985428571
1.311;38.771533;0.0;49.3486388428571
1.312;38.7208394571429;0.0;49.3055909
1.313;38.6691919;0.0;49.2637491428571
1.314;38.6131812571429;0.0;49.2195664714286
1.315;38.5574715571429;0.0;49.1745461142857
1.316;38.4820844142857;0.0;49.1070595714286
1.317;38.4105619714286;0.0;49.0376029142857
1.318;38.3686162714286;0.0;48.9822313142857
1.319;38.3270774571429;0.0;48.9366739857143
1.32;38.2650979285714;0.0;48.8957794428571
1.321;38.1882773857143;0.0;48.8418775714286
1.322;38.1160949571429;0.0;48.7785541142857
1.323;38.0456139571429;0.0;48.7153657857143
1.324;37.9652456;0.0;48.6521888714286
1.325;37.8920892714286;0.0;48.5914042571429
1.326;37.8233405;0.0;48.5309625857143
1.327;37.7451933571429;0.0;48.4572657714286
1.328;37.6715743285714;0.0;48.3819053714286
1.329;37.5934950571429;0.0;48.3049743142857
1.33;37.5062329142857;0.0;48.2228308285714
1.331;37.4227778;0.0;48.1518992428571
1.332;37.3443214428571;0.0;48.0882221285714
1.333;37.2515314571429;0.0;47.9945959571429
1.334;37.1623035;0.0;47.9038112571429
1.335;37.0716409142857;0.0;47.8193448714286
1.336;36.9797083571429;0.0;47.7442105857143
1.337;36.8967193714286;0.0;47.6713676
1.338;36.8138091857143;0.0;47.5890833
1.339;36.7209975;0.0;47.5045093714286
1.34;36.6331644571429;0.0;47.4329773285714
1.341;36.5523492;0.0;47.3667448142857
1.342;36.4698825285714;0.0;47.2909468285714
1.343;36.3794098714286;0.0;47.2033886571429
1.344;36.2927521;0.0;47.1257231285714
1.345;36.2122528;0.0;47.0581962142857
1.346;36.1305381428571;0.0;46.9873374
1.347;36.0501770428571;0.0;46.9180969285714
1.348;35.9745838285714;0.0;46.8435486
1.349;35.9018088714286;0.0;46.7617126571429
1.35;35.8220622714286;0.0;46.6855565285714
1.351;35.7380393714286;0.0;46.6138152428571
1.352;35.6578452714286;0.0;46.5332320857143
1.353;35.5807381714286;0.0;46.4503035142857
1.354;35.5062520714286;0.0;46.3915158428571
1.355;35.4305230714286;0.0;46.3388399
1.356;35.3442231;0.0;46.2537118428571
1.357;35.2581504857143;0.0;46.1649942857143
1.358;35.1866817857143;0.0;46.1024858857143
1.359;35.1171855571429;0.0;46.0412758571429
1.36;35.0231982571429;0.0;45.9572566142857
1.361;34.9236293571429;0.0;45.8657157428571
1.362;34.8429427857143;0.0;45.7910496571429
1.363;34.7571779428571;0.0;45.7123129
1.364;34.6530220428571;0.0;45.6130970142857
1.365;34.5349430285714;0.0;45.5020709428571
1.366;34.4077924714286;0.0;45.3884515142857
1.367;34.2890643571429;0.0;45.2756440714286
1.368;34.1694117142857;0.0;45.1596941142857
1.369;34.0398863714286;0.0;45.0357271
1.37;33.9056326;0.0;44.9023027714286
1.371;33.7567698571429;0.0;44.7561558857143
1.372;33.5998714428571;0.0;44.5945338428571
1.373;33.4316004714286;0.0;44.4194093857143
1.374;33.2415014428571;0.0;44.2394290285714
1.375;33.0395534714286;0.0;44.0537055428571
1.376;32.8319055428571;0.0;43.8466694571429
1.377;32.6107093428571;0.0;43.6148566571429
1.378;32.3761667;0.0;43.3789783857143
1.379;32.1150295285714;0.0;43.1343311285714
1.38;31.8381495285714;0.0;42.8670280857143
1.381;31.5404735428571;0.0;42.5493550714286
1.382;31.2273764142857;0.0;42.2247515714286
1.383;30.8899245428571;0.0;41.8863015285714
1.384;30.5313540428571;0.0;41.5128259857143
1.385;30.1522790285714;0.0;41.1175712714286
1.386;29.7641318285714;0.0;40.7120468857143
1.387;29.3586014857143;0.0;40.2884108714286
1.388;28.9371949428571;0.0;39.8537455857143
1.389;28.5016075714286;0.0;39.4076148857143
1.39;28.0626000285714;0.0;38.9519888857143
1.391;27.6137824714286;0.0;38.4747912571429
1.392;27.1668316714286;0.0;37.9958656857143
1.393;26.6953270142857;0.0;37.497211
1.394;26.2237677428571;0.0;36.9925608857143
1.395;25.7595008;0.0;36.4796351428571
1.396;25.2868346571429;0.0;35.9677201285714
1.397;24.7891300714286;0.0;35.4388521571429
1.398;24.3084711;0.0;34.9156866428571
1.399;23.8509935;0.0;34.4103936571429
1.4;23.4026000428571;0.0;33.913529
1.401;22.9497396;0.0;33.4125297714286
1.402;22.5041054142857;0.0;32.9179860428571
1.403;22.0823889428571;0.0;32.4328828142857
1.404;21.6821041571429;0.0;31.9686364571429
1.405;21.2900363142857;0.0;31.5172820142857
1.406;20.9007909714286;0.0;31.0769964428571
1.407;20.5282384;0.0;30.6617565142857
1.408;20.1859688;0.0;30.2668852857143
1.409;19.8591006142857;0.0;29.8781140857143
1.41;19.5385021428571;0.0;29.4951795857143
1.411;19.2396835714286;0.0;29.1397379571429
1.412;18.9623870142857;0.0;28.8110168142857
1.413;18.6899996;0.0;28.4822580142857
1.414;18.4338442;0.0;28.1743652714286
1.415;18.1962396571429;0.0;27.8908044142857
1.416;17.9785669142857;0.0;27.6230245142857
1.417;17.7755843;0.0;27.3691299
1.418;17.5724741428571;0.0;27.1302816857143
1.419;17.3741161285714;0.0;26.9042144571429
1.42;17.1989382;0.0;26.6934314714286
1.421;17.0309764428571;0.0;26.4931795857143
1.422;16.8841571285714;0.0;26.3045966285714
1.423;16.7529075142857;0.0;26.1242702285714
1.424;16.6242014285714;0.0;25.9595763428571
1.425;16.5023782428571;0.0;25.8108629714286
1.426;16.3941122857143;0.0;25.6749388285714
1.427;16.2898804285714;0.0;25.5380245
1.428;16.1938448714286;0.0;25.4196226428571
1.429;16.1004898285714;0.0;25.3145473714286
1.43;16.0112492142857;0.0;25.2122359428571
1.431;15.9286629285714;0.0;25.1079714571429
1.432;15.8530888571429;0.0;25.0310113428571
1.433;15.7856538285714;0.0;24.9631898285714
1.434;15.7327666285714;0.0;24.8839768857143
1.435;15.6809575857143;0.0;24.8123606142857
1.436;15.6351431428571;0.0;24.7632770714286
1.437;15.5917793714286;0.0;24.7144640142857
1.438;15.5509577714286;0.0;24.6650341285714
1.439;15.5129626857143;0.0;24.6162249714286
1.44;15.4825288;0.0;24.5879498857143
1.441;15.4635396;0.0;24.5743120142857
1.442;15.4472069857143;0.0;24.5430090857143
1.443;15.4137264857143;0.0;24.5028648142857
1.444;15.3859353714286;0.0;24.4894731
1.445;15.3760102857143;0.0;24.4912438
1.446;15.3584372857143;0.0;24.4843971857143
1.447;15.3430326714286;0.0;24.4708636285714
1.448;15.3466543;0.0;24.4667312857143
1.449;15.3580880142857;0.0;24.4765828857143
1.45;15.3637320285714;0.0;24.4847432714286
1.451;15.3537537;0.0;24.4814721714286
1.452;15.3484036571429;0.0;24.4824643571429
1.453;15.3656002285714;0.0;24.5014427571429
1.454;15.3832223142857;0.0;24.5232540857143
1.455;15.3878775;0.0;24.5362623428571
1.456;15.3946600142857;0.0;24.5522390428571
1.457;15.4186281714286;0.0;24.5839824285714
1.458;15.4402442;0.0;24.6154146285714
1.459;15.4525971714286;0.0;24.6491526714286
1.46;15.4712987142857;0.0;24.6908384714286
1.461;15.5054638;0.0;24.7399673142857
1.462;15.5446394285714;0.0;24.7940083
1.463;15.5881680142857;0.0;24.8496814571429
1.464;15.6353276285714;0.0;24.9188937857143
1.465;15.6834948857143;0.0;24.9943217285714
1.466;15.7310526857143;0.0;25.0680509857143
1.467;15.7863407;0.0;25.1462376
1.468;15.8462997;0.0;25.2346710714286
1.469;15.9066228285714;0.0;25.3214076428571
1.47;15.9678609571429;0.0;25.4043551714286
1.471;16.0440015571429;0.0;25.5098286857143
1.472;16.1281838142857;0.0;25.6203861428571
1.473;16.2096988571429;0.0;25.7304725142857
1.474;16.2913194;0.0;25.8446062428571
1.475;16.3863958857143;0.0;25.9794595428571
1.476;16.4830513571429;0.0;26.1078114
1.477;16.5757348857143;0.0;26.2218235714286
1.478;16.6708709571429;0.0;26.3420489
1.479;16.769578;0.0;26.4856878857143
1.48;16.8654230428571;0.0;26.6339568428571
1.481;16.9779824142857;0.0;26.7697475857143
1.482;17.1002304;0.0;26.9008648285714
1.483;17.2002676;0.0;27.0423224428571
1.484;17.2840422714286;0.0;27.1906999857143
1.485;17.3916261285714;0.0;27.3305641714286
1.486;17.5205989;0.0;27.4684912428571
1.487;17.6343394571429;0.0;27.6207237
1.488;17.7272374428571;0.0;27.7732106142857
1.489;17.8271697714286;0.0;27.9159561571429
1.49;17.9501264142857;0.0;28.0562506857143
1.491;18.0692518142857;0.0;28.2057923
1.492;18.1748187142857;0.0;28.3548985
1.493;18.2916164857143;0.0;28.4912959142857
1.494;18.4139656428571;0.0;28.6347146857143
1.495;18.531051;0.0;28.7940955857143
1.496;18.6483476142857;0.0;28.9536480142857
1.497;18.7700112142857;0.0;29.1062230857143
1.498;18.8827277428571;0.0;29.2499925285714
1.499;18.9867048428571;0.0;29.3935039857143
1.5;19.1002151714286;0.0;29.5481213428571
1.501;19.2153234142857;0.0;29.7032058285714
1.502;19.3263922857143;0.0;29.8502928
1.503;19.4462630285714;0.0;30.0024443
1.504;19.5729948428571;0.0;30.1556136571429
1.505;19.6901028285714;0.0;30.3041083714286
1.506;19.8050144142857;0.0;30.4471314
1.507;19.9294408714286;0.0;30.5825223714286
1.508;20.0505786714286;0.0;30.7221712142857
1.509;20.1626785142857;0.0;30.8705367857143
1.51;20.2731722857143;0.0;31.0176883428571
1.511;20.3886214714286;0.0;31.1579136857143
1.512;20.5098838142857;0.0;31.2976344142857
1.513;20.6344462142857;0.0;31.4449221285714
1.514;20.7438464857143;0.0;31.5923885857143
1.515;20.8458779;0.0;31.7345587714286
1.516;20.9606190285714;0.0;31.8696474714286
1.517;21.0714638857143;0.0;32.0025543571429
1.518;21.1847100857143;0.0;32.1540981571429
1.519;21.3029861;0.0;32.3094280285714
1.52;21.4145800857143;0.0;32.4267620428571
1.521;21.5207241;0.0;32.5431370428571
1.522;21.6333951857143;0.0;32.6774051714286
1.523;21.7525962714286;0.0;32.8178643285714
1.524;21.8570152714286;0.0;32.9564077714286
1.525;21.9485932;0.0;33.0831409285714
1.526;22.0498763428571;0.0;33.2102545
1.527;22.1603589714286;0.0;33.3412260571429
1.528;22.2720671571429;0.0;33.4659947142857
1.529;22.3842129428571;0.0;33.5932570285714
1.53;22.4866179857143;0.0;33.7187476857143
1.531;22.5782491571429;0.0;33.8383891571429
1.532;22.6772716;0.0;33.9673368
1.533;22.7870428714286;0.0;34.1035440428571
1.534;22.8836118428571;0.0;34.2084811571429
1.535;22.9754301;0.0;34.3048053714286
1.536;23.0743176285714;0.0;34.4201437285714
1.537;23.1750817714286;0.0;34.5489460571429
1.538;23.2661230571429;0.0;34.6576991428571
1.539;23.3512999714286;0.0;34.7618301714286
1.54;23.4412771285714;0.0;34.8847286285714
1.541;23.5392325714286;0.0;35.0063857285714
1.542;23.6273194142857;0.0;35.1082792142857
1.543;23.7149036285714;0.0;35.2114699285714
1.544;23.8230343428571;0.0;35.3289739857143
1.545;23.9248219142857;0.0;35.4410799
1.546;24.0018181428571;0.0;35.5414275714286
1.547;24.0811049428571;0.0;35.6454165714286
1.548;24.1772011428571;0.0;35.7541675428571
1.549;24.2740413714286;0.0;35.8602721571429
1.55;24.3610176428571;0.0;35.9694367571429
1.551;24.4382022285714;0.0;36.0719723142857
1.552;24.5155312285714;0.0;36.1566581142857
1.553;24.6005396714286;0.0;36.2462373285714
1.554;24.6777181;0.0;36.3451514142857
1.555;24.7510347285714;0.0;36.4473616714286
1.556;24.8392582571429;0.0;36.5516069714286
1.557;24.9301711571429;0.0;36.6484630285714
1.558;25.0043911571429;0.0;36.7370440714286
1.559;25.0730400285714;0.0;36.8228550714286
1.56;25.1491859714286;0.0;36.9155730714286
1.561;25.2261291142857;0.0;37.0137456285714
1.562;25.2933211;0.0;37.1014406
1.563;25.3642426714286;0.0;37.1876685285714
1.564;25.4440873571429;0.0;37.2760816
1.565;25.5147852428571;0.0;37.3535019571429
1.566;25.5896931142857;0.0;37.4332524714286
1.567;25.6675367142857;0.0;37.5209837857143
1.568;25.7274310857143;0.0;37.5997355571429
1.569;25.7870531857143;0.0;37.6756638428571
1.57;25.8569522142857;0.0;37.7597185285714
1.571;25.9333559428571;0.0;37.8488018571429
1.572;26.0053948428571;0.0;37.9322887714286
1.573;26.0653392428571;0.0;38.0070002857143
1.574;26.1282138714286;0.0;38.0818474714286
1.575;26.1975813428571;0.0;38.1588278285714
1.576;26.2621763571429;0.0;38.2388303857143
1.577;26.3218715714286;0.0;38.3173103285714
1.578;26.3810974857143;0.0;38.3873635857143
1.579;26.4433312428571;0.0;38.4589435571429
1.58;26.5137290571429;0.0;38.5388333285714
1.581;26.5845247142857;0.0;38.617296
1.582;26.6428503142857;0.0;38.6860764714286
1.583;26.6932945571429;0.0;38.7532625428571
1.584;26.7510321285714;0.0;38.8250094
1.585;26.8187488;0.0;38.8987936142857
1.586;26.8785175714286;0.0;38.9730592857143
1.587;26.9241702857143;0.0;39.0475574142857
1.588;26.9751332;0.0;39.1194854714286
1.589;27.0375374857143;0.0;39.1861272571429
1.59;27.0959059285714;0.0;39.2516348571429
1.591;27.1542555857143;0.0;39.3209606
1.592;27.2177604857143;0.0;39.3892821142857
1.593;27.2752170142857;0.0;39.4570315142857
1.594;27.3242142428571;0.0;39.5285123
1.595;27.3739286571429;0.0;39.5827659857143
1.596;27.4369476;0.0;39.6319625
1.597;27.4977108857143;0.0;39.7028335142857
1.598;27.5464154857143;0.0;39.7682514714286
1.599;27.6006898857143;0.0;39.8259015857143
1.6;27.6571074857143;0.0;39.9000230714286
1.601;27.7074340857143;0.0;39.9769393714286
1.602;27.7562853714286;0.0;40.0300803
1.603;27.8033230285714;0.0;40.0730025285714
1.604;27.8491506428571;0.0;40.1416268857143
1.605;27.9017228714286;0.0;40.2266583142857
1.606;27.9575351285714;0.0;40.2876716428571
1.607;28.0026284;0.0;40.319679
1.608;28.0419008142857;0.0;40.3624575285714
1.609;28.0865855285714;0.0;40.4243255571429
1.61;28.1345618285714;0.0;40.4790421
1.611;28.1859581285714;0.0;40.5309879
1.612;28.2374546571429;0.0;40.5917774714286
1.613;28.2761240714286;0.0;40.6543765285714
1.614;28.3103662285714;0.0;40.7129571285714
1.615;28.3508219428571;0.0;40.7666081285714
1.616;28.3905830857143;0.0;40.8147983
1.617;28.4349076;0.0;40.8638743571429
1.618;28.4771296714286;0.0;40.9152922428571
1.619;28.5132243571429;0.0;40.9583649
1.62;28.5577900142857;0.0;41.0007113285714
1.621;28.5990206285714;0.0;41.0450356428571
1.622;28.6300087714286;0.0;41.0840237571429
1.623;28.6651130857143;0.0;41.1330968285714
1.624;28.7037131285714;0.0;41.187824
1.625;28.7432965142857;0.0;41.2408666285714
1.626;28.7890859857143;0.0;41.2994839142857
1.627;28.8165742857143;0.0;41.3359096142857
1.628;28.8286803714286;0.0;41.3561715285714
1.629;28.8539042;0.0;41.3911048571429
1.63;28.8802397714286;0.0;41.4261158142857
1.631;28.9087698428571;0.0;41.4546279
1.632;28.9433495;0.0;41.4923409285714
1.633;28.9755304571429;0.0;41.5452341571429
1.634;29.0075107428571;0.0;41.5932693571429
1.635;29.0362401428571;0.0;41.6349193
1.636;29.0635610142857;0.0;41.6763843
1.637;29.0938962571429;0.0;41.7046022428571
1.638;29.1177402571429;0.0;41.7386815142857
1.639;29.1374334142857;0.0;41.7740274714286
1.64;29.1716013714286;0.0;41.8005318285714
1.641;29.2084100285714;0.0;41.8336780285714
1.642;29.2223419571429;0.0;41.8546998571429
1.643;29.2288517857143;0.0;41.8747326
1.644;29.2575067428571;0.0;41.9208059
1.645;29.2886215142857;0.0;41.9591337428571
1.646;29.2957652;0.0;41.9674464857143
1.647;29.3011911571429;0.0;41.9752498714286
1.648;29.3194112285714;0.0;42.0017327
1.649;29.3423187;0.0;42.0329163714286
1.65;29.3651578571429;0.0;42.0504708857143
1.651;29.3735196714286;0.0;42.0545256142857
1.652;29.3720345571429;0.0;42.0645207571429
1.653;29.3758280714286;0.0;42.0876557714286
1.654;29.3755998714286;0.0;42.102493
1.655;29.3767698571429;0.0;42.0939220714286
1.656;29.3934747428571;0.0;42.0901051857143
1.657;29.4122511571429;0.0;42.1110648428571
1.658;29.4127432142857;0.0;42.1198637857143
1.659;29.3937105714286;0.0;42.1210678
1.66;29.3818980857143;0.0;42.1450241
1.661;29.3934503142857;0.0;42.1630833428571
1.662;29.3936655142857;0.0;42.1554456428571
1.663;29.3729633571429;0.0;42.1497878
1.664;29.3553112;0.0;42.1555623428571
1.665;29.3544417571429;0.0;42.1568340142857
1.666;29.3662433;0.0;42.1587371142857
1.667;29.3689830571429;0.0;42.1684554857143
1.668;29.3549614285714;0.0;42.1702119
1.669;29.3376848285714;0.0;42.1634934142857
1.67;29.3310925857143;0.0;42.1560158571429
1.671;29.3317437;0.0;42.1492936142857
1.672;29.3267215;0.0;42.146641
1.673;29.3142040714286;0.0;42.1495983142857
1.674;29.2949105285714;0.0;42.1509231
1.675;29.2802727;0.0;42.1392158142857
1.676;29.2767852;0.0;42.1328609142857
1.677;29.2675200285714;0.0;42.1306521142857
1.678;29.2407502571429;0.0;42.1012179857143
1.679;29.2123582571429;0.0;42.0782838
1.68;29.1954768714286;0.0;42.0796167857143
1.681;29.1780603;0.0;42.0680338
1.682;29.1443688428571;0.0;42.0386842142857
1.683;29.1164226428571;0.0;42.0187439571429
1.684;29.1005436142857;0.0;41.9910072428571
1.685;29.0713971142857;0.0;41.9592327571429
1.686;29.0442643285714;0.0;41.9587127428571
1.687;29.0196457285714;0.0;41.9452553714286
1.688;28.9675518142857;0.0;41.8870317142857
1.689;28.9244822428571;0.0;41.8595995571429
1.69;28.9064611;0.0;41.8465929857143
1.691;28.8897459;0.0;41.8256013714286
1.692;28.8410506142857;0.0;41.8030944571429
1.693;28.7872513285714;0.0;41.7683271714286
1.694;28.7622541285714;0.0;41.7231828142857
1.695;28.7398556142857;0.0;41.6940864285714
1.696;28.7023613714286;0.0;41.6733178
1.697;28.6547342714286;0.0;41.6452515571429
1.698;28.6186497428571;0.0;41.6166377571429
1.699;28.5783590428571;0.0;41.5755432285714
1.7;28.5388464857143;0.0;41.5382927714286
1.701;28.5095700857143;0.0;41.5090382
1.702;28.4714050714286;0.0;41.4662039857143
1.703;28.4353010571429;0.0;41.4205501
1.704;28.4087555571429;0.0;41.4036216571429
1.705;28.3779096714286;0.0;41.3930821857143
1.706;28.3367151142857;0.0;41.3517508
1.707;28.2823396142857;0.0;41.2937929857143
1.708;28.2347574714286;0.0;41.2462197285714
1.709;28.2012942285714;0.0;41.2065099571429
1.71;28.1669456142857;0.0;41.1678454285714
1.711;28.1336997428571;0.0;41.1549797
1.712;28.0955240285714;0.0;41.1292162285714
1.713;28.0449314571429;0.0;41.0611370857143
1.714;27.9971449714286;0.0;41.0099053714286
1.715;27.9549509142857;0.0;40.9734373
1.716;27.9179081142857;0.0;40.9283104428571
1.717;27.8826685714286;0.0;40.8937012285714
1.718;27.8418229428571;0.0;40.8522773714286
1.719;27.7952772142857;0.0;40.7765291142857
1.72;27.7434579571429;0.0;40.7197400285714
1.721;27.6914733142857;0.0;40.6925316
1.722;27.6490367714286;0.0;40.6526064142857
1.723;27.6159465428571;0.0;40.6284530571429
1.724;27.5779629285714;0.0;40.5988850857143
1.725;27.5254067857143;0.0;40.5266086
1.726;27.4680498571429;0.0;40.4710715428571
1.727;27.4207227571429;0.0;40.4385063428571
1.728;27.4017091;0.0;40.4008559571429
1.729;27.3773828571429;0.0;40.3601885714286
1.73;27.3313095428571;0.0;40.3290622142857
1.731;27.3009256;0.0;40.3036571714286
1.732;27.2703743285714;0.0;40.2714233428571
1.733;27.2464288857143;0.0;40.2666679428571
1.734;27.2347128285714;0.0;40.2658280285714
1.735;27.2020281857143;0.0;40.2212931857143
1.736;27.1625600714286;0.0;40.1754269
1.737;27.1375562285714;0.0;40.1682730571429
1.738;27.1160469857143;0.0;40.1729991714286
1.739;27.0897304571429;0.0;40.1557297428571
1.74;27.0651684714286;0.0;40.1231470428571
1.741;27.0381879142857;0.0;40.1016371714286
1.742;27.0001531857143;0.0;40.0828011714286
1.743;26.9572795714286;0.0;40.0459068857143
1.744;26.9170395142857;0.0;40.0143154
1.745;26.9029893142857;0.0;39.9948546857143
1.746;26.8911275857143;0.0;39.9419618571429
1.747;26.8338237714286;0.0;39.9017644714286
1.748;26.7668169428571;0.0;39.8812129571429
1.749;26.7190069;0.0;39.8092957142857
1.75;26.6774327571429;0.0;39.7486644428571
1.751;26.6324965857143;0.0;39.7360969571429
1.752;26.5850467142857;0.0;39.7126677714286
1.753;26.5422581142857;0.0;39.6676044857143
1.754;26.5057117857143;0.0;39.6289041857143
1.755;26.4579619857143;0.0;39.5627533285714
1.756;26.4075820571429;0.0;39.4941573571429
1.757;26.3610985428571;0.0;39.4659466428571
1.758;26.3117513428571;0.0;39.4236201285714
1.759;26.2704432142857;0.0;39.3535629428571
1.76;26.2326470857143;0.0;39.2968147
1.761;26.1961022857143;0.0;39.2675515571429
1.762;26.1561819857143;0.0;39.2371374857143
1.763;26.1071278714286;0.0;39.1986351285714
1.764;26.0564085142857;0.0;39.1528417571429
1.765;26.0146280142857;0.0;39.1090131571429
1.766;25.9834367857143;0.0;39.0859131714286
1.767;25.9461252;0.0;39.0614316714286
1.768;25.9024979714286;0.0;39.0277054571429
1.769;25.8836495714286;0.0;39.0070268285714
1.77;25.8587077285714;0.0;38.991227
1.771;25.8192286857143;0.0;38.9624916285714
1.772;25.8177704714286;0.0;38.9511281714286
1.773;25.8141184714286;0.0;38.9303302857143
1.774;25.7689848;0.0;38.8778734285714
1.775;25.7273288428571;0.0;38.8504338285714
1.776;25.7148565285714;0.0;38.8359304
1.777;25.6843339285714;0.0;38.8068449285714
1.778;25.6309331;0.0;38.7737961714286
1.779;25.6188873857143;0.0;38.7594586571429
1.78;25.6263427;0.0;38.7640577571429
1.781;25.6158809;0.0;38.7630573285714
1.782;25.6175282285714;0.0;38.7680641285714
1.783;25.6009268285714;0.0;38.7539327142857
1.784;25.5482803;0.0;38.7125534285714
1.785;25.5291989142857;0.0;38.6979597428571
1.786;25.5309405857143;0.0;38.7021959285714
1.787;25.5191768714286;0.0;38.7091123285714
1.788;25.5093193857143;0.0;38.6941112428571
1.789;25.5248327571429;0.0;38.6931852857143
1.79;25.5366367142857;0.0;38.7066208428571
1.791;25.5404151571429;0.0;38.7152162285714
1.792;25.5237390714286;0.0;38.7197049428571
1.793;25.5038584857143;0.0;38.7199312142857
1.794;25.5166710428571;0.0;38.7309283285714
1.795;25.5236609428571;0.0;38.721196
1.796;25.5169601285714;0.0;38.7016595142857
1.797;25.5137676;0.0;38.7248388142857
1.798;25.5041536857143;0.0;38.7517842428571
1.799;25.5090818857143;0.0;38.7660089142857
1.8;25.5469608285714;0.0;38.8084642714286
1.801;25.5875137285714;0.0;38.8739849142857
1.802;25.6312134285714;0.0;38.9630719
1.803;25.6539923571429;0.0;38.9575375714286
1.804;25.6533086571429;0.0;38.9201813428571
1.805;25.6259709285714;0.0;38.9284862428571
1.806;25.5759738142857;0.0;38.9439778
1.807;25.5046767428571;0.0;38.9017074857143
1.808;25.5382294428571;0.0;38.9198684285714
1.809;25.5892642857143;0.0;38.9906112285714
1.81;25.5830130428571;0.0;39.0304674857143
1.811;25.5781183;0.0;39.0499847142857
1.812;25.5921195142857;0.0;39.0783114714286
1.813;25.6103034714286;0.0;39.0928191714286
1.814;25.6111191857143;0.0;39.0611925857143
1.815;25.5986415285714;0.0;39.0538303
1.816;25.6052128;0.0;39.0741286714286
1.817;25.6202763285714;0.0;39.1303218285714
1.818;25.6099787428571;0.0;39.1411992571429
1.819;25.5962208142857;0.0;39.1193642428571
1.82;25.6099857857143;0.0;39.1107174857143
1.821;25.6377655142857;0.0;39.1123265857143
1.822;25.644197;0.0;39.1050354857143
1.823;25.6688523571429;0.0;39.0904028428571
1.824;25.6881766857143;0.0;39.1172253571429
1.825;25.6811235571429;0.0;39.1414300571429
1.826;25.6489972;0.0;39.1056697
1.827;25.6029919;0.0;39.0713311142857
1.828;25.5642508428571;0.0;39.0907783714286
1.829;25.5220483857143;0.0;39.1072442285714
1.83;25.5174105285714;0.0;39.0982441142857
1.831;25.5102886428571;0.0;39.0690121
1.832;25.4910653285714;0.0;39.0090465
1.833;25.4721618428571;0.0;38.9627557285714
1.834;25.4700571;0.0;38.9240789285714
1.835;25.454161;0.0;38.9351258285714
1.836;25.4296178;0.0;38.9815824
1.837;25.4041469285714;0.0;38.9921573142857
1.838;25.3625938;0.0;38.9418629857143
1.839;25.2757451;0.0;38.8452897285714
1.84;25.1861532571429;0.0;38.7345667428571
1.841;25.1389433285714;0.0;38.6491714857143
1.842;25.1294625;0.0;38.5948058
1.843;25.0904190571429;0.0;38.5337792428571
1.844;24.9728336714286;0.0;38.4365499
1.845;24.8495430428571;0.0;38.3301079857143
1.846;24.7495937571429;0.0;38.2097551428571
1.847;24.6400737714286;0.0;38.0853581571429
1.848;24.5645734;0.0;38.0123193714286
1.849;24.4510605285714;0.0;37.8918479571429
1.85;24.2633127285714;0.0;37.7559727428571
1.851;24.0894025714286;0.0;37.5781330857143
1.852;23.9423585285714;0.0;37.3524929857143
1.853;23.8117941714286;0.0;37.1757881857143
1.854;23.6686586571429;0.0;36.9821017142857
1.855;23.4969196428571;0.0;36.7635187857143
1.856;23.2833613428571;0.0;36.5056748285714
1.857;23.0525743;0.0;36.2855068571429
1.858;22.8225909857143;0.0;36.0460557714286
1.859;22.5512335714286;0.0;35.7242515571429
1.86;22.2882466714286;0.0;35.4080430857143
1.861;22.0332094142857;0.0;35.1090268857143
1.862;21.7668866428571;0.0;34.7936938285714
1.863;21.5038278428571;0.0;34.4905941142857
1.864;21.1887444857143;0.0;34.1298771
1.865;20.8496740428571;0.0;33.7417914
1.866;20.4925030714286;0.0;33.2832356285714
1.867;20.1238326571429;0.0;32.8165933857143
1.868;19.7191437428571;0.0;32.3043026714286
1.869;19.2900053;0.0;31.7781410714286
1.87;18.8157632142857;0.0;31.2207323428571
1.871;18.3577005285714;0.0;30.6311944
1.872;17.9283513857143;0.0;30.0295814285714
1.873;17.4733195571429;0.0;29.4043254428571
1.874;17.0017389285714;0.0;28.7557788857143
1.875;16.5009804285714;0.0;28.0752694142857
1.876;15.9993348571429;0.0;27.3845436
1.877;15.5020871714286;0.0;26.6747535428571
1.878;14.9939499285714;0.0;25.9800362857143
1.879;14.4871853571429;0.0;25.2556321142857
1.88;13.9926294857143;0.0;24.5232316428571
1.881;13.4844045571429;0.0;23.8012374428571
1.882;13.001011;0.0;23.0769863714286
1.883;12.5068461571429;0.0;22.3013068428571
1.884;11.9922487428571;0.0;21.5098953428571
1.885;11.4754113;0.0;20.7176719142857
1.886;10.9964204285714;0.0;19.9369937142857
1.887;10.5548303142857;0.0;19.1620592857143
1.888;10.1584610142857;0.0;18.3926556714286
1.889;9.74160207142857;0.0;17.6311738857143
1.89;9.33676082857143;0.0;16.8765187428571
1.891;8.9564138;0.0;16.1805392
1.892;8.57207151428571;0.0;15.4974186285714
1.893;8.19192637142857;0.0;14.8083355142857
1.894;7.81265805714286;0.0;14.1431383
1.895;7.51165682857143;0.0;13.5192041
1.896;7.25755195714286;0.0;12.9267249285714
1.897;7.00410237142857;0.0;12.3927679
1.898;6.74530462857143;0.0;11.8605681142857
1.899;6.58154752857143;0.0;11.3421614714286
1.9;6.38368754285714;0.0;10.8761321
1.901;6.14857545714286;0.0;10.4906028
1.902;5.9612924;0.0;10.0815017857143
1.903;5.7958386;0.0;9.64587898571429
1.904;5.66309374285714;0.0;9.3036049
1.905;5.56002908571429;0.0;9.0314868
1.906;5.49520765714286;0.0;8.7736107
1.907;5.4227781;0.0;8.54431287142857
1.908;5.31335408571429;0.0;8.32616841428571
1.909;5.240111;0.0;8.08098661428571
1.91;5.22729222857143;0.0;7.86004225714286
1.911;5.17837002857143;0.0;7.7095545
1.912;5.10516101428571;0.0;7.59570932857143
1.913;5.05213051428571;0.0;7.41617544285714
1.914;5.01518497142857;0.0;7.24752208571429
1.915;4.93477651428571;0.0;7.10460122857143
1.916;4.87425575714286;0.0;6.98616108571429
1.917;4.84828202857143;0.0;6.85128207142857
1.918;4.8077125;0.0;6.73761754285714
1.919;4.74616951428571;0.0;6.68938598571429
1.92;4.73638452857143;0.0;6.64934914285714
1.921;4.77033675714286;0.0;6.56973042857143
1.922;4.76278621428571;0.0;6.50122115714286
1.923;4.73933664285714;0.0;6.4593999
1.924;4.70555748571429;0.0;6.48104492857143
1.925;4.67026304285714;0.0;6.52129194285714
1.926;4.6914844;0.0;6.57468595714286
1.927;4.71271722857143;0.0;6.56141781428571
1.928;4.69854037142857;0.0;6.54162615714286
1.929;4.68018164285714;0.0;6.53883424285714
1.93;4.6733939;0.0;6.50525651428571
1.931;4.66757548571429;0.0;6.52351902857143
1.932;4.69258691428571;0.0;6.57608374285714
1.933;4.75381728571429;0.0;6.58371557142857
1.934;4.80211905714286;0.0;6.60185672857143
1.935;4.80014765714286;0.0;6.6864646
1.936;4.783264;0.0;6.77626487142857
1.937;4.80576382857143;0.0;6.75578344285714
1.938;4.8312839;0.0;6.73315107142857
1.939;4.82429202857143;0.0;6.76046067142857
1.94;4.82753047142857;0.0;6.87016054285714
1.941;4.88744684285714;0.0;7.00064051428571
1.942;4.9321013;0.0;7.08494208571429
1.943;4.92764707142857;0.0;7.21703072857143
1.944;4.88448097142857;0.0;7.32148744285714
1.945;4.87361721428571;0.0;7.34940208571428
1.946;4.94107387142857;0.0;7.39625471428571
1.947;4.98249201428571;0.0;7.48378974285714
1.948;4.9723053;0.0;7.56377534285714
1.949;4.99896447142857;0.0;7.65614355714286
1.95;5.06066394285714;0.0;7.77461534285714
1.951;5.0840281;0.0;7.88818435714286
1.952;5.13067587142857;0.0;7.98175374285714
1.953;5.21939444285714;0.0;8.07852922857143
1.954;5.28129714285714;0.0;8.18755035714286
1.955;5.27253001428571;0.0;8.33236934285714
1.956;5.29928285714286;0.0;8.48799095714286
1.957;5.41912948571429;0.0;8.58292218571428
1.958;5.5278962;0.0;8.66231391428571
1.959;5.49185494285714;0.0;8.74820071428571
1.96;5.5081491;0.0;8.82268434285714
1.961;5.57129644285714;0.0;8.95483455714286
1.962;5.59304168571429;0.0;9.12854954285714
1.963;5.63107122857143;0.0;9.28989275714286
1.964;5.6975861;0.0;9.40498868571428
1.965;5.74486534285714;0.0;9.52882857142857
1.966;5.780117;0.0;9.68953842857143
1.967;5.8267361;0.0;9.84241327142857
1.968;5.88288297142857;0.0;9.95880967142857
1.969;5.94157034285714;0.0;10.0678036142857
1.97;5.98685154285714;0.0;10.2404352285714
1.971;6.06495457142857;0.0;10.4055743857143
1.972;6.13868045714286;0.0;10.5303743714286
1.973;6.16801011428571;0.0;10.6533332
1.974;6.20222821428571;0.0;10.8210662142857
1.975;6.26457054285714;0.0;10.9722757285714
1.976;6.33347097142857;0.0;11.0786242857143
1.977;6.40693918571429;0.0;11.2223955428571
1.978;6.48041131428571;0.0;11.3988359428571
1.979;6.47109377142857;0.0;11.5806234142857
1.98;6.40787452857143;0.0;11.7703854714286
1.981;6.51284091428571;0.0;11.9258193285714
1.982;6.6381995;0.0;12.0764281428571
1.983;6.74342968571429;0.0;12.2083084857143
1.984;6.79163385714286;0.0;12.3482479571429
1.985;6.8635445;0.0;12.5049323714286
1.986;6.93882222857143;0.0;12.6416666285714
1.987;6.96413597142857;0.0;12.7759513142857
1.988;7.01126474285714;0.0;12.9311748857143
1.989;7.05945018571429;0.0;13.0501377428571
1.99;7.10545895714286;0.0;13.1627639428571
1.991;7.20964265714286;0.0;13.3098742428571
1.992;7.31791514285714;0.0;13.4713381428571
1.993;7.4127693;0.0;13.6311495428571
1.994;7.4559346;0.0;13.7768950571429
1.995;7.48988292857143;0.0;13.9152946571429
1.996;7.49048631428571;0.0;14.0454043428571
1.997;7.54643074285714;0.0;14.1894268857143
1.998;7.64046124285714;0.0;14.3569226
1.999;7.72015575714286;0.0;14.5430718857143
2;7.82146114285714;0.0;14.7153734571429
2.001;7.88168121428571;0.0;14.8371906428571
2.002;7.90629185714286;0.0;14.9933551
2.003;8.02234648571429;0.0;15.1502368
2.004;8.16378462857143;0.0;15.2341866857143
2.005;8.21500431428571;0.0;15.3767038571429
2.006;8.26223488571429;0.0;15.5356596285714
2.007;8.32630835714286;0.0;15.6795227571429
2.008;8.39369125714286;0.0;15.8107905285714
2.009;8.42958885714286;0.0;15.9937361857143
2.01;8.4791944;0.0;16.1793141571429
2.011;8.54271438571429;0.0;16.3498391714286
2.012;8.57340674285714;0.0;16.4952462571429
2.013;8.60470181428571;0.0;16.6471335428571
2.014;8.6905045;0.0;16.7742281428571
2.015;8.78359047142857;0.0;16.8762755285714
2.016;8.84998918571429;0.0;16.9793322142857
2.017;8.9152589;0.0;17.0779905
2.018;9.0081825;0.0;17.1886729
2.019;9.1035837;0.0;17.3147887857143
2.02;9.18357575714286;0.0;17.4213745857143
2.021;9.24486397142857;0.0;17.5713460142857
2.022;9.32086742857143;0.0;17.7506140857143
2.023;9.42252407142857;0.0;17.8886174428571
2.024;9.47317004285714;0.0;18.0339738142857
2.025;9.49248322857143;0.0;18.1362472428571
2.026;9.56531835714286;0.0;18.2444806571429
2.027;9.64184244285714;0.0;18.4222670428571
2.028;9.6890814;0.0;18.5905007857143
2.029;9.73990117142857;0.0;18.6379097571429
2.03;9.79020744285714;0.0;18.6676141
2.031;9.80005375714286;0.0;18.6995020571429
2.032;9.83961738571429;0.0;18.8080392142857
2.033;9.93153928571429;0.0;18.8873615285714
2.034;10.0218953285714;0.0;18.9652388
2.035;10.1071881857143;0.0;19.1908325857143
2.036;10.1448573142857;0.0;19.3920558571429
2.037;10.1699664;0.0;19.4769837571429
2.038;10.2333331;0.0;19.4968254
2.039;10.2892561571429;0.0;19.5301715285714
2.04;10.3294505142857;0.0;19.6588806285714
2.041;10.3966636428571;0.0;19.8027434142857
2.042;10.4902956428571;0.0;19.9026807285714
2.043;10.5720681857143;0.0;20.0003447285714
2.044;10.5714754142857;0.0;20.1014238428571
2.045;10.6040028714286;0.0;20.1922370714286
2.046;10.6699210285714;0.0;20.2423391857143
2.047;10.7333339142857;0.0;20.2903177
2.048;10.8013541142857;0.0;20.3349916142857
2.049;10.8420814428571;0.0;20.4319564857143
2.05;10.8688936285714;0.0;20.5741463571429
2.051;10.9014572142857;0.0;20.6878643285714
2.052;10.9483187142857;0.0;20.8036772857143
2.053;11.052485;0.0;20.9131482285714
2.054;11.1387831714286;0.0;20.9895282
2.055;11.0961415857143;0.0;21.0595057714286
2.056;11.0507374571429;0.0;21.1552357142857
2.057;11.1442706714286;0.0;21.3042269714286
2.058;11.2751379285714;0.0;21.4586760285714
2.059;11.3342253;0.0;21.5136694428571
2.06;11.3333172714286;0.0;21.5496511714286
2.061;11.414585;0.0;21.6464296428571
2.062;11.5158880142857;0.0;21.7206327428571
2.063;11.5200816428571;0.0;21.7531486
2.064;11.5220207;0.0;21.8354266142857
2.065;11.5833831285714;0.0;21.9082114428571
2.066;11.6794293142857;0.0;21.9805451142857
2.067;11.7884682857143;0.0;22.0686522571429
2.068;11.8814968428571;0.0;22.1666473857143
2.069;11.938531;0.0;22.2871566857143
2.07;11.9484061857143;0.0;22.3892152714286
2.071;11.9671348142857;0.0;22.4530280857143
2.072;12.0340148;0.0;22.496412
2.073;12.0855716714286;0.0;22.6005571
2.074;12.1445999571429;0.0;22.7259469428571
2.075;12.193787;0.0;22.8415868571429
2.076;12.2222143571429;0.0;23.0281367428571
2.077;12.2726411285714;0.0;23.2017939285714
2.078;12.3465242428571;0.0;23.2963396285714
2.079;12.4270159571429;0.0;23.3048628571429
2.08;12.5009917428571;0.0;23.3111642142857
2.081;12.5251060714286;0.0;23.4181408
2.082;12.5394844142857;0.0;23.4997804142857
2.083;12.5619298285714;0.0;23.5593065
2.084;12.5684590142857;0.0;23.6566915285714
2.085;12.6345295571429;0.0;23.7648491142857
2.086;12.7377102857143;0.0;23.8411943857143
2.087;12.8081388285714;0.0;23.9098919857143
2.088;12.8226618857143;0.0;24.0088039857143
2.089;12.8732034285714;0.0;24.0854309571429
2.09;12.925535;0.0;24.1578805857143
2.091;12.9425043;0.0;24.2912689142857
2.092;12.9870607142857;0.0;24.4122807571429
2.093;13.0504959714286;0.0;24.4756379285714
2.094;13.1339567142857;0.0;24.4999495285714
2.095;13.2510671857143;0.0;24.5114741428571
2.096;13.2736872428571;0.0;24.6057663428571
2.097;13.2388810857143;0.0;24.7654942857143
2.098;13.2817913142857;0.0;24.7965423571429
2.099;13.3233640857143;0.0;24.7781660142857
2.1;13.3648906;0.0;24.8363042857143
2.101;13.4111094714286;0.0;24.9861354142857
2.102;13.4649586142857;0.0;25.0452594142857
2.103;13.5117389714286;0.0;25.0873484857143
2.104;13.5434496;0.0;25.2503219285714
2.105;13.5834744857143;0.0;25.3495102857143
2.106;13.6565752142857;0.0;25.3759888142857
2.107;13.7022628142857;0.0;25.4244878428571
2.108;13.7461098142857;0.0;25.4963841714286
2.109;13.8394359857143;0.0;25.6286820285714
2.11;13.8938360285714;0.0;25.7520177428571
2.111;13.8842416;0.0;25.7148389142857
2.112;13.9087360142857;0.0;25.6665441142857
2.113;13.9742360571429;0.0;25.8030828142857
2.114;14.0426580571429;0.0;25.9190183428571
2.115;14.0205141;0.0;25.9513337
2.116;14.0057423;0.0;25.9806689714286
2.117;14.0962617285714;0.0;26.1549239142857
2.118;14.1993502857143;0.0;26.3178195285714
2.119;14.2495851857143;0.0;26.3763245714286
2.12;14.2815343142857;0.0;26.4495341571429
2.121;14.2911502142857;0.0;26.5638647142857
2.122;14.3165907;0.0;26.6137831
2.123;14.3705915285714;0.0;26.6445897857143
2.124;14.3818919285714;0.0;26.7301505714286
2.125;14.3763477;0.0;26.8153436714286
2.126;14.4770104714286;0.0;26.8767123285714
2.127;14.5992601428571;0.0;26.953338
2.128;14.6128091857143;0.0;26.9902663857143
2.129;14.6333070857143;0.0;26.9897547428571
2.13;14.7002752;0.0;27.0459789714286
2.131;14.7199946;0.0;27.1400759
2.132;14.7364003714286;0.0;27.2081325285714
2.133;14.7966316142857;0.0;27.2926561571429
2.134;14.8692527571429;0.0;27.3402613428571
2.135;14.8991186142857;0.0;27.3688904285714
2.136;14.9408992714286;0.0;27.4495662
2.137;15.0039967;0.0;27.5315607714286
2.138;15.0496781857143;0.0;27.6064959857143
2.139;15.0355331142857;0.0;27.6746607571429
2.14;15.0305015;0.0;27.6761446571429
2.141;15.0495436571429;0.0;27.6607156142857
2.142;15.0164277428571;0.0;27.7321530714286
2.143;15.0283572714286;0.0;27.9110872571429
2.144;15.0682366428571;0.0;28.0468203428571
2.145;15.0783468142857;0.0;27.9953169857143
2.146;15.0962193142857;0.0;27.9407630428571
2.147;15.1780277;0.0;28.0698794857143
2.148;15.1980104285714;0.0;28.1391372428571
2.149;15.2487520571429;0.0;28.2007818571429
2.15;15.3071757857143;0.0;28.2447176428571
2.151;15.3401109;0.0;28.2594795142857
2.152;15.3239365857143;0.0;28.3041968428571
2.153;15.3503345;0.0;28.37494
2.154;15.4271756571429;0.0;28.4106503857143
2.155;15.4420066;0.0;28.4228344428571
2.156;15.4254190857143;0.0;28.3994229142857
2.157;15.4620561428571;0.0;28.3723716857143
2.158;15.4788227714286;0.0;28.4019239714286
2.159;15.4497131;0.0;28.4301315142857
2.16;15.4363140571429;0.0;28.4979320285714
2.161;15.3999164142857;0.0;28.6143597714286
2.162;15.3921211428571;0.0;28.6425633714286
2.163;15.4112567285714;0.0;28.6480153571429
2.164;15.4579962428571;0.0;28.6542706
2.165;15.5077935571429;0.0;28.6209289714286
2.166;15.6102306285714;0.0;28.6576972
2.167;15.6230173857143;0.0;28.7205598857143
2.168;15.7004434142857;0.0;28.7365548428571
2.169;15.7747286857143;0.0;28.7341160285714
2.17;15.7378541142857;0.0;28.7478175
2.171;15.6704963285714;0.0;28.7706553285714
2.172;15.6847166285714;0.0;28.7518781285714
2.173;15.7194541;0.0;28.7797253571429
2.174;15.7081678285714;0.0;28.8488950285714
2.175;15.7696951571429;0.0;28.9203125428571
2.176;15.8994506285714;0.0;29.0947669285714
2.177;15.9323411714286;0.0;29.1809922
2.178;15.9093962142857;0.0;29.1490393428571
2.179;15.8960617;0.0;29.1578128857143
2.18;15.8870624571429;0.0;29.1691697857143
2.181;15.8906947428571;0.0;29.2652924428571
2.182;15.9234483714286;0.0;29.4272723285714
2.183;15.9242865;0.0;29.4401940428571
2.184;15.8872988714286;0.0;29.4033892142857
2.185;15.8662519857143;0.0;29.4454588714286
2.186;15.9770968285714;0.0;29.501269
2.187;16.1046379714286;0.0;29.5201467857143
2.188;16.1789717142857;0.0;29.5631853285714
2.189;16.2178542142857;0.0;29.5456299714286
2.19;16.2494375571429;0.0;29.5496693142857
2.191;16.2227720142857;0.0;29.6263623
2.192;16.2224133428571;0.0;29.6930171428571
2.193;16.2356203857143;0.0;29.6692068571429
2.194;16.2781486285714;0.0;29.6803880571429
2.195;16.3842798428571;0.0;29.7610589285714
2.196;16.4729473285714;0.0;29.7910297285714
2.197;16.4703742571429;0.0;29.7952839
2.198;16.4131349857143;0.0;29.8462945428571
2.199;16.4133369857143;0.0;29.8648231571429
2.2;16.4458104428571;0.0;29.8576556
2.201;16.4322469142857;0.0;29.9489222285714
2.202;16.4048041428571;0.0;30.0394121714286
2.203;16.3674405714286;0.0;29.9915670428571
2.204;16.3446219285714;0.0;29.9718101428571
2.205;16.3691927285714;0.0;30.0616946857143
2.206;16.4616693142857;0.0;30.1771874
2.207;16.5183177428571;0.0;30.2872574
2.208;16.5352593714286;0.0;30.2612467285714
2.209;16.5336429428571;0.0;30.1682727
2.21;16.5451028428571;0.0;30.2930597285714
2.211;16.5450222;0.0;30.3779919285714
2.212;16.5501101857143;0.0;30.3630717571429
2.213;16.5686711285714;0.0;30.2535051714286
2.214;16.5105530428571;0.0;30.2141213
2.215;16.4610072142857;0.0;30.2380160285714
2.216;16.5286624142857;0.0;30.1233851428571
2.217;16.5417148571429;0.0;30.1081187428571
2.218;16.4492508428571;0.0;30.2815853
2.219;16.4185965428571;0.0;30.3765649285714
2.22;16.4673419571429;0.0;30.4078662
2.221;16.5455709142857;0.0;30.3839929571429
2.222;16.5816717285714;0.0;30.3174946571429
2.223;16.5256767714286;0.0;30.3422203571429
2.224;16.5166300714286;0.0;30.4160540142857
2.225;16.5865984857143;0.0;30.3738896
2.226;16.6093022142857;0.0;30.2605464714286
2.227;16.5295711142857;0.0;30.1698842857143
2.228;16.4738749714286;0.0;30.1282486285714
2.229;16.5149978285714;0.0;30.0742611857143
2.23;16.5696676285714;0.0;30.0510959857143
2.231;16.5134576285714;0.0;30.0607700714286
2.232;16.4124101285714;0.0;30.0243552714286
2.233;16.4625148142857;0.0;30.0247093857143
2.234;16.5425112142857;0.0;30.0900245714286
2.235;16.4181631857143;0.0;30.0881429714286
2.236;16.2603621285714;0.0;30.0867010142857
2.237;16.2015298571429;0.0;29.9871987142857
2.238;16.2231475714286;0.0;29.9267294714286
2.239;16.1738101428571;0.0;29.8899488714286
2.24;16.1320555;0.0;29.8058335428571
2.241;16.1807053285714;0.0;29.7697804428571
2.242;16.1212882142857;0.0;29.6291016571429
2.243;16.0164911571429;0.0;29.3847193857143
2.244;16.0014326571429;0.0;29.2677126857143
2.245;15.9786508142857;0.0;29.1062892714286
2.246;15.8871118714286;0.0;28.9618192285714
2.247;15.7931259714286;0.0;28.9405873857143
2.248;15.7425993142857;0.0;28.9614044428571
2.249;15.6535117714286;0.0;28.9864785
2.25;15.5803525714286;0.0;28.9790391857143
2.251;15.5270662857143;0.0;28.9389462714286
2.252;15.5221972285714;0.0;28.8239798142857
2.253;15.5904621428571;0.0;28.7106029285714
2.254;15.5015920714286;0.0;28.6729991857143
2.255;15.3916926285714;0.0;28.6574602142857
2.256;15.4788573428571;0.0;28.6341472142857
2.257;15.5347742142857;0.0;28.4885116142857
2.258;15.3462302428571;0.0;28.2759091571429
2.259;15.1579283857143;0.0;28.1062432
2.26;15.1191115571429;0.0;28.1380716428571
2.261;15.0447938285714;0.0;28.2969098428571
2.262;14.8575047285714;0.0;28.1856428714286
2.263;14.7528694;0.0;27.9878534857143
2.264;14.7967285142857;0.0;27.7904805571429
2.265;14.7525898714286;0.0;27.7345069428571
2.266;14.6975734285714;0.0;27.6874350428571
2.267;14.6151434571429;0.0;27.5904473714286
2.268;14.5633448142857;0.0;27.5842245571429
2.269;14.5989507428571;0.0;27.5683646857143
2.27;14.4924536428571;0.0;27.4547820857143
2.271;14.2757325142857;0.0;27.3116221714286
2.272;14.1678459142857;0.0;27.1759117142857
2.273;14.1732082571429;0.0;27.1565330571429
2.274;14.1679777571429;0.0;27.2085315142857
2.275;14.1140892142857;0.0;27.1195810428571
2.276;14.0323695;0.0;26.9564703
2.277;14.0233641857143;0.0;26.9364239
2.278;14.0977989;0.0;26.9037329714286
2.279;14.0526073714286;0.0;26.7506812285714
2.28;13.9449845714286;0.0;26.7618597142857
2.281;13.8620731285714;0.0;26.7564086714286
2.282;13.7487789857143;0.0;26.4797182142857
2.283;13.6593074;0.0;26.2457254857143
2.284;13.6718223857143;0.0;26.1256928571429
2.285;13.7120327857143;0.0;26.1165078714286
2.286;13.6649112571429;0.0;26.2186684
2.287;13.5686744;0.0;26.3383093857143
2.288;13.5646291;0.0;26.3992486285714
2.289;13.5193535857143;0.0;26.2619761428571
2.29;13.4137210714286;0.0;26.0964698142857
2.291;13.3168087;0.0;26.1292518428571
2.292;13.2261295428571;0.0;26.0782632142857
2.293;13.2393342714286;0.0;25.9215950142857
2.294;13.3542964714286;0.0;25.8811075
2.295;13.3219446571429;0.0;25.6929312571429
2.296;13.2411469571429;0.0;25.5178569857143
2.297;13.2542570714286;0.0;25.5126330142857
2.298;13.1986263714286;0.0;25.5047697142857
2.299;12.9866521571429;0.0;25.3895682285714
2.3;12.9181893;0.0;25.2216723571429
2.301;12.9068585428571;0.0;24.9404058285714
2.302;12.8389236714286;0.0;24.7408354
2.303;12.7271620428571;0.0;24.5578019571429
2.304;12.6935680285714;0.0;24.6191240285714
2.305;12.7924698714286;0.0;24.8328292142857
2.306;12.7542047857143;0.0;24.8258663285714
2.307;12.7003286;0.0;24.8454371571429
2.308;12.6891730285714;0.0;24.7804817285714
2.309;12.4874019;0.0;24.4560948428571
2.31;12.3674563285714;0.0;24.3939967
2.311;12.4829817142857;0.0;24.4961790428571
2.312;12.4480472285714;0.0;24.3322748571429
2.313;12.3100852285714;0.0;24.2604662285714
2.314;12.2119917;0.0;24.4265884285714
2.315;11.9417935857143;0.0;24.4764803857143
2.316;11.8961725;0.0;24.4107373
2.317;12.1039052571429;0.0;24.5753831428571
2.318;12.1626706857143;0.0;24.6789034571429
2.319;12.2337356142857;0.0;24.4931827285714
2.32;12.3763488571429;0.0;24.3036255
2.321;12.4255727428571;0.0;24.1333894428571
2.322;12.3863368285714;0.0;24.1263116857143
2.323;12.4981702285714;0.0;24.2472258
2.324;12.5279373142857;0.0;24.2266452285714
2.325;12.3531122285714;0.0;24.1469794571429
2.326;12.2250564857143;0.0;24.0664810142857
2.327;12.1031569857143;0.0;23.9228711
2.328;12.0246190428571;0.0;23.8727489285714
2.329;11.9758300857143;0.0;23.9990312714286
2.33;12.0030219428571;0.0;24.0047256142857
2.331;11.8710747571429;0.0;23.8161507571429
2.332;11.7990794857143;0.0;23.7008991857143
2.333;11.8106194571429;0.0;23.5423839
2.334;11.7917720571429;0.0;23.2862670428571
2.335;11.8574497;0.0;23.0503759571429
2.336;11.9221946428571;0.0;23.0405752
2.337;11.8595832285714;0.0;23.1236497428571
2.338;11.7632477285714;0.0;22.9050663714286
2.339;11.6784283142857;0.0;22.8165305428571
2.34;11.6503984571429;0.0;23.0274340285714
2.341;11.5745336714286;0.0;22.9662898428571
2.342;11.3142571428571;0.0;22.7438385285714
2.343;11.1804364714286;0.0;22.6695802714286
2.344;11.2879294571429;0.0;22.7491941857143
2.345;11.4251176428571;0.0;22.7809352142857
2.346;11.4573643142857;0.0;22.6557398857143
2.347;11.3621009428571;0.0;22.4656872571429
2.348;11.3399739714286;0.0;22.2535402142857
2.349;11.3295309285714;0.0;22.2935413285714
2.35;11.1378354857143;0.0;22.3686885285714
2.351;11.091287;0.0;22.2860769285714
2.352;11.0050282285714;0.0;22.2439754857143
2.353;10.7752778571429;0.0;22.0787753571429
2.354;10.7031661428571;0.0;21.8645269714286
2.355;10.6941119285714;0.0;21.7992151857143
2.356;10.5129858142857;0.0;21.6210260857143
2.357;10.4456159428571;0.0;21.6364073
2.358;10.6072851571429;0.0;21.8850038285714
2.359;10.6971293285714;0.0;21.9011361571429
2.36;10.7726162285714;0.0;21.8467112285714
2.361;10.6776178571429;0.0;21.8301046
2.362;10.3574868714286;0.0;22.0858284857143
2.363;10.2731023857143;0.0;22.1742966571429
2.364;10.4054233857143;0.0;21.9291064571429
2.365;10.5001907;0.0;21.7457429285714
2.366;10.5306024;0.0;21.4857116
2.367;10.5335487285714;0.0;21.3779948142857
2.368;10.3605980571429;0.0;21.2739521714286
2.369;10.2815031285714;0.0;20.9935448285714
2.37;10.549928;0.0;20.7997348571429
2.371;10.6263671714286;0.0;20.8645822142857
2.372;10.4866221714286;0.0;20.9481177714286
2.373;10.3871118857143;0.0;20.8807546857143
2.374;10.3046883;0.0;21.0320865
2.375;10.3711451571429;0.0;21.1734551285714
2.376;10.5288081142857;0.0;21.1436113571429
2.377;10.4962935;0.0;20.9758909428571
2.378;10.3989486285714;0.0;20.6834119428571
2.379;10.3063711285714;0.0;20.5578435714286
2.38;10.0826241285714;0.0;20.4364529285714
2.381;10.0323860285714;0.0;20.1569330714286
2.382;10.0940966;0.0;20.0453652571429
2.383;9.9122413;0.0;19.9769672
2.384;9.7640017;0.0;19.6902048
2.385;9.65511964285714;0.0;19.6491902
2.386;9.33084931428571;0.0;19.8383259714286
2.387;9.23535595714286;0.0;19.8358162285714
2.388;9.30898478571429;0.0;19.8161616
2.389;9.32166941428572;0.0;19.7993206
2.39;9.53972791428571;0.0;19.4398982
2.391;9.67320031428571;0.0;19.1817582142857
2.392;9.50771134285714;0.0;19.3281850571429
2.393;9.45643152857143;0.0;19.3106996
2.394;9.59325824285714;0.0;19.1515330428571
2.395;9.59330167142857;0.0;19.2531461142857
2.396;9.58917277142857;0.0;19.3396262714286
2.397;9.4508261;0.0;19.2907136571429
2.398;9.0571959;0.0;19.3312940714286
2.399;9.06801471428571;0.0;19.2798259857143
2.4;9.23369634285714;0.0;19.4762031857143
2.401;9.03319534285714;0.0;19.7933726428571
2.402;8.90514217142857;0.0;19.5873680571429
2.403;8.84471637142857;0.0;19.0729277
2.404;8.69810218571429;0.0;18.6496334428571
2.405;8.51287958571429;0.0;18.2678965571429
2.406;8.40472178571429;0.0;17.8277292
2.407;8.681865;0.0;17.7589801142857
2.408;8.7857645;0.0;17.7799970142857
2.409;8.42780902857143;0.0;17.5776357
2.41;8.43151017142857;0.0;17.4920264714286
2.411;8.77618584285714;0.0;17.5186069714286
2.412;8.89007305714286;0.0;17.4246741428571
2.413;8.53013571428571;0.0;17.1241981571429
2.414;8.04303534285714;0.0;16.9750010571429
2.415;8.01173147142857;0.0;17.2502164428571
2.416;8.00252037142857;0.0;17.7103773571429
2.417;8.00258311428571;0.0;17.4973296571429
2.418;8.22563394285714;0.0;16.8347897428571
2.419;8.47646412857143;0.0;16.6931278571429
2.42;8.71723548571429;0.0;16.6582751
2.421;8.5962418;0.0;16.6233002571429
2.422;8.44002112857143;0.0;16.8447054428571
2.423;8.44186227142857;0.0;16.8520072857143
2.424;8.4088221;0.0;16.7004506428571
2.425;8.33858324285714;0.0;16.7052208857143
2.426;7.94334591428571;0.0;16.6228474428571
2.427;7.677027;0.0;16.5108826714286
2.428;7.70487802857143;0.0;16.4539357
2.429;7.82070158571429;0.0;15.8935848142857
2.43;7.8984576;0.0;15.1782362714286
2.431;7.53150018571429;0.0;15.1466497142857
2.432;7.39167805714286;0.0;15.1043479714286
2.433;7.71322605714286;0.0;14.9443647285714
2.434;7.52369782857143;0.0;15.0558511714286
2.435;7.1551868;0.0;15.2957710571429
2.436;7.10590721428571;0.0;15.4693911857143
2.437;7.08992211428571;0.0;15.2516074428571
2.438;7.13871594285714;0.0;15.2392341428571
2.439;7.42235404285714;0.0;15.2287626571429
2.44;7.330115;0.0;14.9874865428571
2.441;7.02197278571429;0.0;14.6628019428571
2.442;7.03559172857143;0.0;14.2814419142857
2.443;7.14025187142857;0.0;14.5274331428571
2.444;6.87990528571429;0.0;14.7846817142857
2.445;7.3997112;0.0;14.7208748285714
2.446;7.749395;0.0;15.0129766142857
2.447;7.54887597142857;0.0;14.7672105142857
2.448;7.31686538571429;0.0;14.1137458714286
2.449;6.92318988571429;0.0;13.5137092
2.45;6.48346912857143;0.0;13.3796679285714
2.451;6.16996268571429;0.0;13.4761457714286
2.452;5.66710668571429;0.0;13.7866874
2.453;5.32968245714286;0.0;13.7359319571429
2.454;5.56115424285714;0.0;13.2933570571429
2.455;5.81247841428571;0.0;13.2113867142857
2.456;5.72181107142857;0.0;13.4812395142857
2.457;5.9962538;0.0;13.8193466428571
2.458;5.65982798571429;0.0;13.7036453285714
2.459;5.05685145714286;0.0;13.0136662714286
2.46;5.47562537142857;0.0;12.4972990571429
2.461;6.10369418571429;0.0;12.6697698285714
2.462;6.67466112857143;0.0;12.9315867142857
2.463;7.46011328571429;0.0;12.8579142428571
2.464;7.36506221428571;0.0;12.5445842285714
2.465;6.85355547142857;0.0;12.3197282142857
2.466;6.65489361428571;0.0;12.1813197714286
2.467;6.59543417142857;0.0;11.8558639571429
2.468;6.36766535714286;0.0;11.6411163285714
2.469;6.54130202857143;0.0;11.5702268857143
2.47;6.58209325714286;0.0;12.0812370142857
2.471;6.38650134285714;0.0;12.3859951142857
2.472;6.02233548571429;0.0;12.0115301428571
2.473;5.45782297142857;0.0;11.6020182571429
2.474;5.21067975714286;0.0;10.8458823428571
2.475;5.53591497142857;0.0;10.7293738428571
2.476;5.2269067;0.0;11.6761461428571
2.477;5.22562145714286;0.0;12.3967539571429
2.478;5.28306028571428;0.0;12.3012994428571
2.479;6.07154224285714;0.0;12.1006321
2.48;6.11139447142857;0.0;11.1754833
2.481;6.29830434285714;0.0;10.0224178571429
2.482;6.16370587142857;0.0;10.5593921
2.483;5.8508839;0.0;11.0688950285714
2.484;6.57443197142857;0.0;10.3559639571429
2.485;6.97605642857143;0.0;10.6251652857143
2.486;6.71027681428571;0.0;10.9694174714286
2.487;7.63424852857143;0.0;10.0430145
2.488;7.186909;0.0;9.73040424285714
2.489;5.36147041428571;0.0;9.78836515714286
2.49;5.78242597142857;0.0;9.28365695714286
2.491;6.24757005714286;0.0;10.9080322142857
2.492;5.84014128571429;0.0;12.5181594857143
2.493;6.96634052857143;0.0;11.1717322428571
2.494;8.11780725714286;0.0;10.4761780571429
2.495;7.20730508571429;0.0;10.1014943142857
2.496;6.22623171428571;0.0;11.0208617142857
2.497;4.99211947142857;0.0;9.64543317142857
2.498;5.41133482857143;0.0;8.45523292857143
2.499;6.13161914285714;0.0;9.83841127142857
2.5;6.0442398;0.0;10.8887443
