wavelength;reflectance;direct_transmittance;diffuse_transmittance
0.4;4.84955496190476;0.0;2.78081925263158
0.401;4.88021825238095;0.0;2.79743282631579
0.402;4.88950188571429;0.0;2.79944066315789
0.403;4.92254955714286;0.0;2.81711477894737
0.404;4.95944448571429;0.0;2.83379180526316
0.405;4.9712569047619;0.0;2.82814713157895
0.406;4.98990687142857;0.0;2.83567938421053
0.407;5.01796799047619;0.0;2.85349355789474
0.408;5.05189596666667;0.0;2.87272072105263
0.409;5.07991269047619;0.0;2.8766755
0.41;5.12046152380952;0.0;2.89469090526316
0.411;5.16845301904762;0.0;2.92392976315789
0.412;5.19519203333333;0.0;2.93061413157895
0.413;5.24228488571429;0.0;2.95227005789474
0.414;5.29279736190476;0.0;2.97578898421053
0.415;5.31722445238095;0.0;2.97694427368421
0.416;5.3625597047619;0.0;2.98990314210526
0.417;5.40651637142857;0.0;3.01069502105263
0.418;5.43281985238095;0.0;3.03082124736842
0.419;5.46987768571429;0.0;3.0430217
0.42;5.51013127142857;0.0;3.06088227368421
0.421;5.54750182380952;0.0;3.08625617894737
0.422;5.5771693;0.0;3.10754471052632
0.423;5.6116900952381;0.0;3.12311367368421
0.424;5.64428156666667;0.0;3.13432193157895
0.425;5.66163245238095;0.0;3.14434162105263
0.426;5.68887702380952;0.0;3.14919259473684
0.427;5.71725294761905;0.0;3.16080065263158
0.428;5.73566627142857;0.0;3.18560956315789
0.429;5.74747189047619;0.0;3.19835758947368
0.43;5.76320578571429;0.0;3.20499657368421
0.431;5.78346699047619;0.0;3.21037725789474
0.432;5.78989137142857;0.0;3.21430146315789
0.433;5.80528001428571;0.0;3.22623511052632
0.434;5.82684146666667;0.0;3.24040372631579
0.435;5.83605022857143;0.0;3.24097055789474
0.436;5.84021659047619;0.0;3.24510051578947
0.437;5.84333203333333;0.0;3.25260096842105
0.438;5.84843117619048;0.0;3.25860670526316
0.439;5.85491453333333;0.0;3.25693087368421
0.44;5.86266108095238;0.0;3.26020122631579
0.441;5.87130792857143;0.0;3.27312881052632
0.442;5.8797773047619;0.0;3.27696224210526
0.443;5.88981463809524;0.0;3.28232576842105
0.444;5.90263198571429;0.0;3.29225736315789
0.445;5.91995945238095;0.0;3.30332021052632
0.446;5.9237702952381;0.0;3.30515070526316
0.447;5.92376919047619;0.0;3.30271451578947
0.448;5.93912318571429;0.0;3.30697219473684
0.449;5.95429375714286;0.0;3.31514714736842
0.45;5.96502229047619;0.0;3.32229702105263
0.451;5.97197136666667;0.0;3.32544985789474
0.452;5.98778388571429;0.0;3.33069289473684
0.453;6.00162316190476;0.0;3.33681031578947
0.454;6.00979786666667;0.0;3.34272413157895
0.455;6.02144065238095;0.0;3.34762681578947
0.456;6.03210755714286;0.0;3.3539271
0.457;6.03858272857143;0.0;3.36047788947368
0.458;6.03793820952381;0.0;3.36393485789474
0.459;6.04078364761905;0.0;3.36668437368421
0.46;6.04449108095238;0.0;3.36977115789474
0.461;6.04400006190476;0.0;3.37344722105263
0.462;6.04273034285714;0.0;3.37519041578947
0.463;6.04134627619048;0.0;3.37568143157895
0.464;6.03939829047619;0.0;3.3752748
0.465;6.03387083809524;0.0;3.37198606315789
0.466;6.02799139523809;0.0;3.37124443684211
0.467;6.02514181904762;0.0;3.37423356315789
0.468;6.0298514;0.0;3.37807944210526
0.469;6.03078792380952;0.0;3.3801606
0.47;6.02828285238095;0.0;3.38077097894737
0.471;6.02698003809524;0.0;3.38139166315789
0.472;6.02282591904762;0.0;3.37946042631579
0.473;6.02038123809524;0.0;3.37939368947368
0.474;6.02246614761905;0.0;3.38362124210526
0.475;6.0195707952381;0.0;3.38194711578947
0.476;6.01877914285714;0.0;3.38382378421053
0.477;6.0224902047619;0.0;3.39134014736842
0.478;6.02438940476191;0.0;3.39290242631579
0.479;6.02784124761905;0.0;3.39508752631579
0.48;6.03090133333333;0.0;3.39760819473684
0.481;6.02846280952381;0.0;3.39640867894737
0.482;6.03041754761905;0.0;3.40012961052632
0.483;6.03379056190476;0.0;3.40476807894737
0.484;6.03368528095238;0.0;3.40463034736842
0.485;6.03775219047619;0.0;3.40786566842105
0.486;6.04486712857143;0.0;3.4134108
0.487;6.05298563333333;0.0;3.41928714210526
0.488;6.05955031428571;0.0;3.4234109
0.489;6.06941670476191;0.0;3.42882751052632
0.49;6.08370685714286;0.0;3.43587927894737
0.491;6.09914840952381;0.0;3.44169043157895
0.492;6.11802342380952;0.0;3.44768378421053
0.493;6.14211032857143;0.0;3.45615732105263
0.494;6.17283737619048;0.0;3.46949247368421
0.495;6.20615302857143;0.0;3.47999857894737
0.496;6.24577288095238;0.0;3.49360464210526
0.497;6.29469716666667;0.0;3.51558830526316
0.498;6.34538724285714;0.0;3.53573475789474
0.499;6.40305970952381;0.0;3.55743055263158
0.5;6.47110895238095;0.0;3.58326355789474
0.501;6.5485207047619;0.0;3.61311656842105
0.502;6.63328969047619;0.0;3.64477466842105
0.503;6.72780289047619;0.0;3.67956041052632
0.504;6.83847353809524;0.0;3.72191832631579
0.505;6.95767874285714;0.0;3.76646641052632
0.506;7.08810175238095;0.0;3.81521112105263
0.507;7.23515468571429;0.0;3.87196734210526
0.508;7.3963847952381;0.0;3.93340704210526
0.509;7.57364325714286;0.0;4.00131905789474
0.51;7.76727737619048;0.0;4.07675071578947
0.511;7.97060542857143;0.0;4.1558974
0.512;8.19140717142857;0.0;4.24208257894737
0.513;8.43169898571428;0.0;4.33657654210526
0.514;8.68446890952381;0.0;4.4376388
0.515;8.9526611952381;0.0;4.54476874210526
0.516;9.2361304;0.0;4.65848371578947
0.517;9.53348730952381;0.0;4.78011721052632
0.518;9.84117118095238;0.0;4.90599741052632
0.519;10.156217047619;0.0;5.0357593368421
0.52;10.4758347857143;0.0;5.16974907894737
0.521;10.7977436047619;0.0;5.30751010526316
0.522;11.1174974857143;0.0;5.44479966842105
0.523;11.4311964619048;0.0;5.5790535
0.524;11.7379989142857;0.0;5.71353892631579
0.525;12.0308750571429;0.0;5.84323982105263
0.526;12.3064797380952;0.0;5.96574005263158
0.527;12.5658194952381;0.0;6.08128925789474
0.528;12.8082323238095;0.0;6.19225778421053
0.529;13.0321032238095;0.0;6.29694429473684
0.53;13.235579247619;0.0;6.39187714210526
0.531;13.4204374857143;0.0;6.47899417894737
0.532;13.5859503285714;0.0;6.55860671578947
0.533;13.7319639095238;0.0;6.63079145789474
0.534;13.8632137095238;0.0;6.69579410526316
0.535;13.9796496285714;0.0;6.75388528947368
0.536;14.0813044047619;0.0;6.80556915789474
0.537;14.1686637238095;0.0;6.85149516315789
0.538;14.2457798333333;0.0;6.89454695789474
0.539;14.3135638761905;0.0;6.93399388947368
0.54;14.3697112142857;0.0;6.96531765789474
0.541;14.4214022380952;0.0;6.99524052631579
0.542;14.4709009428571;0.0;7.02479183684211
0.543;14.5186740285714;0.0;7.05315859473684
0.544;14.5656658761905;0.0;7.08286537894737
0.545;14.6131077428571;0.0;7.11195548421053
0.546;14.6618786571429;0.0;7.13923224210526
0.547;14.7119493238095;0.0;7.16980574210526
0.548;14.7611968380952;0.0;7.1997920368421
0.549;14.8078975428571;0.0;7.22732312631579
0.55;14.8516049238095;0.0;7.25508594210526
0.551;14.8875659904762;0.0;7.27871976842105
0.552;14.9138335619048;0.0;7.29712667368421
0.553;14.9304907666667;0.0;7.3114514631579
0.554;14.931493352381;0.0;7.31962082631579
0.555;14.9146398333333;0.0;7.31915790526316
0.556;14.8794165190476;0.0;7.30810161578947
0.557;14.827220447619;0.0;7.29037821578947
0.558;14.7578406190476;0.0;7.26515011578947
0.559;14.6715114714286;0.0;7.23142663157895
0.56;14.5697792952381;0.0;7.18935841578947
0.561;14.456370847619;0.0;7.14240568421053
0.562;14.3330145047619;0.0;7.09156868947368
0.563;14.1987348904762;0.0;7.03397201578947
0.564;14.053233552381;0.0;6.97174685263158
0.565;13.896769452381;0.0;6.90464817894737
0.566;13.7299539333333;0.0;6.83113444210526
0.567;13.5507900809524;0.0;6.75279874736842
0.568;13.3605827142857;0.0;6.66975251052632
0.569;13.1619512047619;0.0;6.58231926315789
0.57;12.9574008809524;0.0;6.49418762105263
0.571;12.7502353428571;0.0;6.40412402631579
0.572;12.5444921428571;0.0;6.31274248421053
0.573;12.3458503142857;0.0;6.2272502368421
0.574;12.1538610761905;0.0;6.14504915789474
0.575;11.9691781904762;0.0;6.06544058947368
0.576;11.7929788809524;0.0;5.98949993684211
0.577;11.6281466809524;0.0;5.91967918947368
0.578;11.4747151380952;0.0;5.85555776842105
0.579;11.3308891809524;0.0;5.79506075263158
0.58;11.1957300857143;0.0;5.7389786368421
0.581;11.0683690095238;0.0;5.68630917368421
0.582;10.9477891952381;0.0;5.63592791578947
0.583;10.8325955380952;0.0;5.58845366842105
0.584;10.7244404;0.0;5.54431725263158
0.585;10.6238707952381;0.0;5.50349627894737
0.586;10.528772752381;0.0;5.46513782105263
0.587;10.4394378190476;0.0;5.42943194210526
0.588;10.3556573666667;0.0;5.39622198947368
0.589;10.2770211809524;0.0;5.36510751052632
0.59;10.2048236142857;0.0;5.33675344736842
0.591;10.1386989714286;0.0;5.3108632
0.592;10.0775411047619;0.0;5.28682589473684
0.593;10.0230184714286;0.0;5.26665402105263
0.594;9.97430844285714;0.0;5.24891370526316
0.595;9.93011151428571;0.0;5.23202369473684
0.596;9.88932367142857;0.0;5.21684252105263
0.597;9.85162477619048;0.0;5.20300291052632
0.598;9.81584544761905;0.0;5.18982082105263
0.599;9.77908046666667;0.0;5.17599029473684
0.6;9.74086648571429;0.0;5.16225676842105
0.601;9.70029211904762;0.0;5.14802481052632
0.602;9.65628036190476;0.0;5.13156705263158
0.603;9.60819391428572;0.0;5.11383941052632
0.604;9.55422537619048;0.0;5.09357865263158
0.605;9.49263572380952;0.0;5.06912193684211
0.606;9.42700381904762;0.0;5.04339871578947
0.607;9.35725275238095;0.0;5.01618034736842
0.608;9.28282414285714;0.0;4.98686028421053
0.609;9.20347465238095;0.0;4.95535714210526
0.61;9.12010630952381;0.0;4.92198254210526
0.611;9.03469834285714;0.0;4.88763727894737
0.612;8.95100786666667;0.0;4.85427298421053
0.613;8.86896012857143;0.0;4.82123077368421
0.614;8.78872073809524;0.0;4.78873647368421
0.615;8.71059418571429;0.0;4.75758485789474
0.616;8.63461577142857;0.0;4.72756508421053
0.617;8.56264086666667;0.0;4.69954769473684
0.618;8.49644985238095;0.0;4.6742287368421
0.619;8.43278659047619;0.0;4.6487443
0.62;8.37450410952381;0.0;4.62501415789474
0.621;8.32339916666667;0.0;4.60474422105263
0.622;8.27602730952381;0.0;4.58748680526316
0.623;8.23442317142857;0.0;4.57241654736842
0.624;8.19913553333333;0.0;4.55923137368421
0.625;8.16859007142857;0.0;4.54812755789474
0.626;8.1446127;0.0;4.54055596842105
0.627;8.12648927619048;0.0;4.53549878421053
0.628;8.11216050952381;0.0;4.53076553157895
0.629;8.1015179;0.0;4.52924015263158
0.63;8.09269321904762;0.0;4.52857812631579
0.631;8.08311862380952;0.0;4.52600822631579
0.632;8.068837;0.0;4.52259315789474
0.633;8.0503903047619;0.0;4.51708171052632
0.634;8.02597543333333;0.0;4.50812862631579
0.635;7.98787871904762;0.0;4.49444186315789
0.636;7.93701345714286;0.0;4.47514806315789
0.637;7.87354800952381;0.0;4.44994843157895
0.638;7.79703225238095;0.0;4.41899346842105
0.639;7.71029203809524;0.0;4.38336666842105
0.64;7.61512119047619;0.0;4.34351232631579
0.641;7.51315277142857;0.0;4.29992847368421
0.642;7.40840267142857;0.0;4.25666531578947
0.643;7.30201786190476;0.0;4.21258952631579
0.644;7.19459967142857;0.0;4.16659264210526
0.645;7.08727484761905;0.0;4.12130106315789
0.646;6.9829831;0.0;4.07825993157895
0.647;6.88431257619048;0.0;4.03801447894737
0.648;6.79319051428571;0.0;3.99923428947368
0.649;6.71296695714286;0.0;3.96502596842105
0.65;6.64487626666667;0.0;3.9366238
0.651;6.58863952857143;0.0;3.91412314210526
0.652;6.54205264285714;0.0;3.89476521578947
0.653;6.50188795714286;0.0;3.87768758947368
0.654;6.46449798571429;0.0;3.86241074210526
0.655;6.42670313333333;0.0;3.84711308947368
0.656;6.38648574761905;0.0;3.83081573684211
0.657;6.34192847142857;0.0;3.8125083
0.658;6.29027713809524;0.0;3.79045162105263
0.659;6.23202552380952;0.0;3.76555814210526
0.66;6.16870937619048;0.0;3.73854476315789
0.661;6.10322613809524;0.0;3.70991817368421
0.662;6.03726852857143;0.0;3.68054114210526
0.663;5.97256452857143;0.0;3.6507131
0.664;5.91097117619048;0.0;3.62065715263158
0.665;5.85603159047619;0.0;3.59383271578947
0.666;5.80853663809524;0.0;3.56990573157895
0.667;5.76842703333333;0.0;3.54792149473684
0.668;5.73540805714286;0.0;3.52857272631579
0.669;5.7082230952381;0.0;3.51036335263158
0.67;5.68804791904762;0.0;3.49379257894737
0.671;5.68276946190476;0.0;3.48470468421053
0.672;5.68333130952381;0.0;3.47770278947368
0.673;5.68770456666667;0.0;3.4711789
0.674;5.69922696666667;0.0;3.46637173684211
0.675;5.71665624761905;0.0;3.46350012105263
0.676;5.73966414761905;0.0;3.46222516315789
0.677;5.76823371428571;0.0;3.46203353684211
0.678;5.80284282380952;0.0;3.46296495263158
0.679;5.84393335714286;0.0;3.46616645789474
0.68;5.89221981904762;0.0;3.47253157368421
0.681;5.94876215714286;0.0;3.48136973157895
0.682;6.01546365714286;0.0;3.49466794210526
0.683;6.09451653809524;0.0;3.51444877894737
0.684;6.18801474761905;0.0;3.54273387368421
0.685;6.29989926666667;0.0;3.58086551578947
0.686;6.43742731428571;0.0;3.63183406842105
0.687;6.61021762857143;0.0;3.69973668947368
0.688;6.8276692047619;0.0;3.78990374210526
0.689;7.10048086666667;0.0;3.90670053684211
0.69;7.4394761;0.0;4.05428177894737
0.691;7.85525663333333;0.0;4.23723791578947
0.692;8.35123033809524;0.0;4.45750783684211
0.693;8.92876288095238;0.0;4.71637288421053
0.694;9.58841850952381;0.0;5.01489960526316
0.695;10.3239242809524;0.0;5.35217185263158
0.696;11.1278455857143;0.0;5.72591875263158
0.697;11.9904329809524;0.0;6.13209280526316
0.698;12.9034299095238;0.0;6.57027391052632
0.699;13.8593524761905;0.0;7.0382179
0.7;14.8499950809524;0.0;7.53249348947368
0.701;15.8658792142857;0.0;8.04937022631579
0.702;16.8991307428571;0.0;8.58533496315789
0.703;17.941964;0.0;9.13676063157895
0.704;18.9864708714286;0.0;9.70025198421053
0.705;20.0270619952381;0.0;10.2710202736842
0.706;21.0614202285714;0.0;10.8476331421053
0.707;22.0911908142857;0.0;11.4330029052632
0.708;23.1148473333333;0.0;12.0235077315789
0.709;24.1330039190476;0.0;12.6190173947368
0.71;25.1474254761905;0.0;13.2209940842105
0.711;26.1578525;0.0;13.8286149473684
0.712;27.1652636619048;0.0;14.4419071
0.713;28.169999;0.0;15.0606119736842
0.714;29.1693232714286;0.0;15.6826117105263
0.715;30.1633240047619;0.0;16.3082913263158
0.716;31.1507642142857;0.0;16.9366705736842
0.717;32.1297206;0.0;17.5651773315789
0.718;33.1007981571429;0.0;18.1948413789474
0.719;34.0608972857143;0.0;18.8235131105263
0.72;35.0058317857143;0.0;19.4479166894737
0.721;35.9359070809524;0.0;20.0679445105263
0.722;36.8476468285714;0.0;20.6812537631579
0.723;37.7382830190476;0.0;21.2858397789474
0.724;38.6050626476191;0.0;21.8783167421053
0.725;39.4445617142857;0.0;22.4560645947368
0.726;40.2552593142857;0.0;23.0177821578947
0.727;41.0377315380952;0.0;23.5632942736842
0.728;41.7876846952381;0.0;24.0890803368421
0.729;42.5040348190476;0.0;24.5940863631579
0.73;43.1876783809524;0.0;25.0788806789474
0.731;43.8379452571429;0.0;25.5419235947368
0.732;44.4547914904762;0.0;25.9832718
0.733;45.0381359380952;0.0;26.4032004894737
0.734;45.5880434571429;0.0;26.8000397315789
0.735;46.1062183047619;0.0;27.1766985894737
0.736;46.593400547619;0.0;27.5344530894737
0.737;47.0476570857143;0.0;27.8684152947368
0.738;47.471528452381;0.0;28.1822634368421
0.739;47.8666080428571;0.0;28.4773117578947
0.74;48.2329483476191;0.0;28.7515317684211
0.741;48.5712082142857;0.0;29.0079976473684
0.742;48.8826446;0.0;29.2472774894737
0.743;49.1686713714286;0.0;29.4689221684211
0.744;49.4293682190476;0.0;29.6743430894737
0.745;49.6663043047619;0.0;29.8641439368421
0.746;49.8807529666667;0.0;30.0386644421053
0.747;50.072376752381;0.0;30.1982851368421
0.748;50.2449234380952;0.0;30.3443123684211
0.749;50.3999879809524;0.0;30.4776360210526
0.75;50.5361823285714;0.0;30.5988095157895
0.751;50.6570036666667;0.0;30.7099144
0.752;50.7639714285714;0.0;30.8108699263158
0.753;50.8578649142857;0.0;30.9007646473684
0.754;50.9409239428571;0.0;30.9843007
0.755;51.0141833142857;0.0;31.0606213473684
0.756;51.078530052381;0.0;31.1286206789474
0.757;51.1356255190476;0.0;31.1914491842105
0.758;51.185229347619;0.0;31.2482709052632
0.759;51.2281541428571;0.0;31.2995601842105
0.76;51.2677079285714;0.0;31.3489275105263
0.761;51.3010955523809;0.0;31.3926826842105
0.762;51.3277165190476;0.0;31.4308171736842
0.763;51.3482995047619;0.0;31.4654977
0.764;51.3656749190476;0.0;31.4978047947368
0.765;51.3790925047619;0.0;31.5269052157895
0.766;51.3875793857143;0.0;31.5519769263158
0.767;51.393331052381;0.0;31.5746279578947
0.768;51.3971076;0.0;31.5962565578947
0.769;51.3993773809524;0.0;31.6173412578947
0.77;51.4001471190476;0.0;31.6368075368421
0.771;51.4008756190476;0.0;31.6545323052632
0.772;51.4013089285714;0.0;31.6708608473684
0.773;51.4001885142857;0.0;31.6865134157895
0.774;51.4004098238095;0.0;31.7021985157895
0.775;51.4014458857143;0.0;31.7177904210526
0.776;51.4021090238095;0.0;31.7329833105263
0.777;51.4022162761905;0.0;31.7479487789474
0.778;51.4031074142857;0.0;31.7623794578947
0.779;51.4053378809524;0.0;31.7763561631579
0.78;51.407910347619;0.0;31.7908165052632
0.781;51.4109489333333;0.0;31.8047995315789
0.782;51.4146272190476;0.0;31.8188160736842
0.783;51.4191783190476;0.0;31.8341840789474
0.784;51.4237451428571;0.0;31.8488779263158
0.785;51.4289935904762;0.0;31.8632033842105
0.786;51.4354179380952;0.0;31.8778039684211
0.787;51.4408341238095;0.0;31.8922145
0.788;51.4472476285714;0.0;31.9065429263158
0.789;51.4548746571429;0.0;31.9207249684211
0.79;51.4600009904762;0.0;31.9341482736842
0.791;51.4666274190476;0.0;31.9487495421053
0.792;51.4746690904762;0.0;31.9640409631579
0.793;51.4818948142857;0.0;31.9782006947368
0.794;51.4889169571429;0.0;31.9924040052632
0.795;51.4960471476191;0.0;32.0065634526316
0.796;51.5036579142857;0.0;32.0206517052632
0.797;51.5125397380952;0.0;32.0359363368421
0.798;51.5208274142857;0.0;32.0510010473684
0.799;51.5282269142857;0.0;32.0651626105263
0.8;51.5371202142857;0.0;32.0788078473684
0.801;51.5462571761905;0.0;32.0938349684211
0.802;51.5549794904762;0.0;32.1094448368421
0.803;51.5628959666667;0.0;32.1235322157895
0.804;51.571045447619;0.0;32.1374202105263
0.805;51.5796831571429;0.0;32.1515837105263
0.806;51.5885738666667;0.0;32.1661722368421
0.807;51.5962784142857;0.0;32.1807804368421
0.808;51.6038360238095;0.0;32.1945828736842
0.809;51.611974647619;0.0;32.2077489263158
0.81;51.6210525;0.0;32.2217137631579
0.811;51.630203452381;0.0;32.2367497210526
0.812;51.6391373238095;0.0;32.2517823473684
0.813;51.6478063095238;0.0;32.2653708631579
0.814;51.656136947619;0.0;32.2795348263158
0.815;51.6652310380952;0.0;32.2943878263158
0.816;51.6753923809524;0.0;32.3094505736842
0.817;51.6840953047619;0.0;32.3231597
0.818;51.6937836952381;0.0;32.3380588842105
0.819;51.7043176142857;0.0;32.3538018157895
0.82;51.7130502571429;0.0;32.3671967
0.821;51.7226572095238;0.0;32.3824290842105
0.822;51.7330155761905;0.0;32.3983058105263
0.823;51.7430119904762;0.0;32.4123255052632
0.824;51.7510658190476;0.0;32.4251230631579
0.825;51.7591009285714;0.0;32.4383887842105
0.826;51.7680568380952;0.0;32.4527858894737
0.827;51.7762605428571;0.0;32.4668182368421
0.828;51.7829929428571;0.0;32.4793732263158
0.829;51.7894327190476;0.0;32.4909465473684
0.83;51.7979793190476;0.0;32.5032098210526
0.831;51.8042755238095;0.0;32.5153949105263
0.832;51.8101835571428;0.0;32.5274810736842
0.833;51.8180514095238;0.0;32.5397469
0.834;51.8259144666667;0.0;32.5530247578947
0.835;51.8343606761905;0.0;32.5668675473684
0.836;51.8432954285714;0.0;32.5809189315789
0.837;51.8513556238095;0.0;32.5949887
0.838;51.8608065238095;0.0;32.6084456947368
0.839;51.8713816666667;0.0;32.6225511578947
0.84;51.8816469904762;0.0;32.6388530631579
0.841;51.8904899285714;0.0;32.6528254210526
0.842;51.8992558380952;0.0;32.6661309894737
0.843;51.9090449142857;0.0;32.6806792631579
0.844;51.9193394714286;0.0;32.6969590263158
0.845;51.9300902238095;0.0;32.7120329421053
0.846;51.939802452381;0.0;32.7253802263158
0.847;51.9457812619048;0.0;32.7386037105263
0.848;51.9537210904762;0.0;32.7522112736842
0.849;51.9624722333333;0.0;32.7664177157895
0.85;51.9698911333333;0.0;32.7809680368421
0.851;51.9793397619048;0.0;32.7942525631579
0.852;51.9877891809524;0.0;32.8070739210526
0.853;51.9941540190476;0.0;32.8199401157895
0.854;52.0011022142857;0.0;32.8326970421053
0.855;52.0077775047619;0.0;32.8450990421053
0.856;52.0137229095238;0.0;32.8572035842105
0.857;52.0187942857143;0.0;32.8692858
0.858;52.0254826761905;0.0;32.8821428789474
0.859;52.0318205857143;0.0;32.8940817736842
0.86;52.0362637571429;0.0;32.9041951210526
0.861;52.0400694142857;0.0;32.9147664
0.862;52.0448967714286;0.0;32.9242632789474
0.863;52.0508129476191;0.0;32.9339444578947
0.864;52.0564290571429;0.0;32.9472934210526
0.865;52.0607371857143;0.0;32.9581475578947
0.866;52.0631311380952;0.0;32.9670440315789
0.867;52.0641348619048;0.0;32.9763178473684
0.868;52.068512852381;0.0;32.9882053894737
0.869;52.0724678380952;0.0;32.9980856578947
0.87;52.074245252381;0.0;33.0048566052632
0.871;52.0755400857143;0.0;33.0128964473684
0.872;52.075670147619;0.0;33.0215524105263
0.873;52.0765760809524;0.0;33.0308933315789
0.874;52.080564947619;0.0;33.0408746789474
0.875;52.0845843619048;0.0;33.0501499421053
0.876;52.0848174333333;0.0;33.0584239
0.877;52.0814422857143;0.0;33.0656961894737
0.878;52.0841548238095;0.0;33.0720326210526
0.879;52.0857109047619;0.0;33.079592568421
0.88;52.0852738809524;0.0;33.0877550210526
0.881;52.0854720619048;0.0;33.0942347210526
0.882;52.0831184380952;0.0;33.1012209052632
0.883;52.0821548428571;0.0;33.1074926157895
0.884;52.0848704428571;0.0;33.1124491105263
0.885;52.0840044428571;0.0;33.1196701736842
0.886;52.0812068047619;0.0;33.1267222578947
0.887;52.0786009666667;0.0;33.1323245
0.888;52.0787524238095;0.0;33.1363316157895
0.889;52.0749914238095;0.0;33.1410694157895
0.89;52.0704973761905;0.0;33.1460322842105
0.891;52.0692540761905;0.0;33.1501428210526
0.892;52.0653089142857;0.0;33.1533952631579
0.893;52.0622313380952;0.0;33.1584861157895
0.894;52.0609676476191;0.0;33.1650277578947
0.895;52.0584921571429;0.0;33.1680958105263
0.896;52.0524498095238;0.0;33.1732122894737
0.897;52.0457186380952;0.0;33.1774201947368
0.898;52.0427486761905;0.0;33.1768894315789
0.899;52.0437374809524;0.0;33.1832758473684
0.9;52.0397999857143;0.0;33.1883558368421
0.901;52.0298959380952;0.0;33.1890285894737
0.902;52.0292423;0.0;33.1949100684211
0.903;52.0261785428571;0.0;33.1995685947368
0.904;52.018989752381;0.0;33.2011235421053
0.905;52.0106414714286;0.0;33.2003119578947
0.906;52.0068510666667;0.0;33.2040654315789
0.907;52.0018807428571;0.0;33.2082606894737
0.908;51.993906052381;0.0;33.2105281894737
0.909;51.9945154666667;0.0;33.2163492631579
0.91;51.9905389952381;0.0;33.2195416894737
0.911;51.9813295904762;0.0;33.2185793157895
0.912;51.9735297428571;0.0;33.2154750631579
0.913;51.971874347619;0.0;33.2217377
0.914;51.9689454571429;0.0;33.2275287578947
0.915;51.9606359190476;0.0;33.2264596315789
0.916;51.9577207904762;0.0;33.2315720157895
0.917;51.9524892714286;0.0;33.2325063052632
0.918;51.9435135714286;0.0;33.229577231579
0.919;51.9336416380952;0.0;33.2300464842105
0.92;51.9254844095238;0.0;33.2322458368421
0.921;51.9168847714286;0.0;33.2336811684211
0.922;51.9063883238095;0.0;33.2321365052632
0.923;51.8982279571429;0.0;33.2267780157895
0.924;51.8861282095238;0.0;33.220947168421
0.925;51.8704745761905;0.0;33.2155363263158
0.926;51.8566399142857;0.0;33.2095211736842
0.927;51.8414874190476;0.0;33.2031454105263
0.928;51.8268666238095;0.0;33.1990700842105
0.929;51.8123601285714;0.0;33.1958872210526
0.93;51.785733552381;0.0;33.1759954736842
0.931;51.7686704761905;0.0;33.1643236
0.932;51.7570926190476;0.0;33.1609872684211
0.933;51.7269572285714;0.0;33.1462976315789
0.934;51.7037055095238;0.0;33.1341893263158
0.935;51.6823807190476;0.0;33.1212153
0.936;51.6558636952381;0.0;33.1031957736842
0.937;51.6313781619048;0.0;33.0839327
0.938;51.6044869809524;0.0;33.0707034578947
0.939;51.5753460095238;0.0;33.0600001947368
0.94;51.5475193571429;0.0;33.0397028368421
0.941;51.5151870095238;0.0;33.0135650315789
0.942;51.4802842714286;0.0;32.9851139684211
0.943;51.4450258190476;0.0;32.9581642947368
0.944;51.4076358095238;0.0;32.9374217894737
0.945;51.3655327761905;0.0;32.9139032789474
0.946;51.3210702857143;0.0;32.8850812105263
0.947;51.2794992190476;0.0;32.8534476421053
0.948;51.2282356190476;0.0;32.8197545789474
0.949;51.1714276571429;0.0;32.7817153
0.95;51.1139925571429;0.0;32.7377770263158
0.951;51.0535670142857;0.0;32.689172431579
0.952;50.9930538333333;0.0;32.6458496631579
0.953;50.9335649857143;0.0;32.6049459157895
0.954;50.8740768761905;0.0;32.5554716157895
0.955;50.8040953714286;0.0;32.5021297947368
0.956;50.7312793142857;0.0;32.4501037736842
0.957;50.6637832761905;0.0;32.4025246210526
0.958;50.6038944285714;0.0;32.3570168263158
0.959;50.545145;0.0;32.3154064210526
0.96;50.4905072333333;0.0;32.2773905157895
0.961;50.4466403142857;0.0;32.2416625368421
0.962;50.4041353904762;0.0;32.2089432684211
0.963;50.3659965666667;0.0;32.1794618
0.964;50.3326887904762;0.0;32.1544600578947
0.965;50.2963580380952;0.0;32.1381359631579
0.966;50.2606733666667;0.0;32.1159423105263
0.967;50.2285132190476;0.0;32.0950891842105
0.968;50.2026922809524;0.0;32.0883390736842
0.969;50.1860193714286;0.0;32.0779429157895
0.97;50.1675582428571;0.0;32.0646459105263
0.971;50.1443870142857;0.0;32.0519838631579
0.972;50.1271577809524;0.0;32.0454490947368
0.973;50.106044052381;0.0;32.0359406947368
0.974;50.0885863333333;0.0;32.0261173
0.975;50.0830311428572;0.0;32.0216273157895
0.976;50.0738871190476;0.0;32.0230356842105
0.977;50.0672854619048;0.0;32.0254082842105
0.978;50.0634311095238;0.0;32.0238842105263
0.979;50.0558317238095;0.0;32.0149138052632
0.98;50.0528719380952;0.0;32.0236672263158
0.981;50.0422166;0.0;32.0311111105263
0.982;50.0194819523809;0.0;32.0225437157895
0.983;50.0202345809524;0.0;32.0320860263158
0.984;50.0297421666667;0.0;32.0465929736842
0.985;50.0390731095238;0.0;32.0556646421053
0.986;50.0429608619048;0.0;32.0531751421053
0.987;50.0353663714286;0.0;32.0635271263158
0.988;50.0385298047619;0.0;32.0777932473684
0.989;50.0593756619048;0.0;32.0895877894737
0.99;50.0637318761905;0.0;32.1093106210526
0.991;50.063332552381;0.0;32.1271457578947
0.992;50.0673533523809;0.0;32.1376883894737
0.993;50.0811725047619;0.0;32.1400948684211
0.994;50.0851548047619;0.0;32.1488101526316
0.995;50.0963695142857;0.0;32.1622396210526
0.996;50.1165592952381;0.0;32.1774197789474
0.997;50.1251714952381;0.0;32.1911722105263
0.998;50.1211674761905;0.0;32.1991039368421
0.999;50.1310084190476;0.0;32.2122448842105
1;50.1710987666667;0.0;32.2371702842105
1.001;50.2013303142857;0.0;32.2618415157895
1.002;50.2215813047619;0.0;32.2860243842105
1.003;50.2432702380952;0.0;32.3178379368421
1.004;50.2625991809524;0.0;32.349915
1.005;50.2871429095238;0.0;32.3832239842105
1.006;50.3195825047619;0.0;32.4157915473684
1.007;50.3579372142857;0.0;32.4439868210526
1.008;50.3891935238095;0.0;32.4754504
1.009;50.4124240571429;0.0;32.5077065105263
1.01;50.4329630761905;0.0;32.5285568947368
1.011;50.4565519047619;0.0;32.5484529578947
1.012;50.4755566523809;0.0;32.5690781473684
1.013;50.5049311095238;0.0;32.5939819684211
1.014;50.5356096285714;0.0;32.6220608473684
1.015;50.5680513619048;0.0;32.6550113842105
1.016;50.5940780809524;0.0;32.6860016736842
1.017;50.6222120666667;0.0;32.7218295894737
1.018;50.6511099142857;0.0;32.7517270684211
1.019;50.6699731809524;0.0;32.7752835368421
1.02;50.7068182238095;0.0;32.8101703789474
1.021;50.7343914952381;0.0;32.8316330210526
1.022;50.7604940904762;0.0;32.8550370631579
1.023;50.7934050809524;0.0;32.8905921842105
1.024;50.8182426047619;0.0;32.9195140736842
1.025;50.8437350714286;0.0;32.9552853789474
1.026;50.8637707952381;0.0;32.9850866736842
1.027;50.8865649714286;0.0;33.0100590736842
1.028;50.9033507142857;0.0;33.0255359210526
1.029;50.9225684761905;0.0;33.0461096631579
1.03;50.9475692571429;0.0;33.0630604789474
1.031;50.9705686095238;0.0;33.0898630842105
1.032;50.9864593857143;0.0;33.1229822315789
1.033;51.0106217714286;0.0;33.1522433842105
1.034;51.0430147666667;0.0;33.1845410368421
1.035;51.0742558714286;0.0;33.2073578894737
1.036;51.1015403952381;0.0;33.2222431578947
1.037;51.1180433952381;0.0;33.2381323894737
1.038;51.1328486047619;0.0;33.2562241473684
1.039;51.1422087619048;0.0;33.2804148052632
1.04;51.1568783333333;0.0;33.3077833315789
1.041;51.1836684095238;0.0;33.3347624526316
1.042;51.2045727142857;0.0;33.3578676368421
1.043;51.2291338142857;0.0;33.3799427
1.044;51.2447239571429;0.0;33.3977504210526
1.045;51.2556109047619;0.0;33.4101008894737
1.046;51.2664197952381;0.0;33.4262358789474
1.047;51.2693888571429;0.0;33.4406471684211
1.048;51.276107252381;0.0;33.4564486368421
1.049;51.2962982619048;0.0;33.4797323210526
1.05;51.3130656428571;0.0;33.5029860263158
1.051;51.3361042857143;0.0;33.5238409789474
1.052;51.3663727952381;0.0;33.5422354210526
1.053;51.3884597571429;0.0;33.5641922473684
1.054;51.3971512285714;0.0;33.5762355052632
1.055;51.3958144428571;0.0;33.5829557052632
1.056;51.400718052381;0.0;33.6022847
1.057;51.4091701952381;0.0;33.6167414842105
1.058;51.4195979285714;0.0;33.6267661157895
1.059;51.4289129857143;0.0;33.6409829052632
1.06;51.4464942761905;0.0;33.6611459052632
1.061;51.4536108904762;0.0;33.6702381526316
1.062;51.4503300857143;0.0;33.6735484210526
1.063;51.4549637619048;0.0;33.6798279105263
1.064;51.4642992571429;0.0;33.6800103315789
1.065;51.4676745666667;0.0;33.6901298947368
1.066;51.4742939809524;0.0;33.7090938315789
1.067;51.4820747714286;0.0;33.7213695473684
1.068;51.4846950952381;0.0;33.7315448842105
1.069;51.4887441809524;0.0;33.7381787105263
1.07;51.4944062666667;0.0;33.7486661526316
1.071;51.5051296714286;0.0;33.7619873736842
1.072;51.5085047714286;0.0;33.7694886578947
1.073;51.5066228952381;0.0;33.7767382684211
1.074;51.5101479904762;0.0;33.7837369157895
1.075;51.5146351904762;0.0;33.7827481684211
1.076;51.5148588952381;0.0;33.7860741526316
1.077;51.5214035380952;0.0;33.7940215684211
1.078;51.5193992952381;0.0;33.8001939157895
1.079;51.5071242333333;0.0;33.8078042526316
1.08;51.493702252381;0.0;33.8132456684211
1.081;51.4922903285714;0.0;33.8097150947368
1.082;51.4922710190476;0.0;33.8117124105263
1.083;51.4916505857143;0.0;33.8118867210526
1.084;51.4939379571429;0.0;33.8074575947368
1.085;51.4946845047619;0.0;33.8108963421053
1.086;51.4926417809524;0.0;33.8245262210526
1.087;51.4865990333333;0.0;33.8248864842105
1.088;51.4823477190476;0.0;33.8209603263158
1.089;51.4761250095238;0.0;33.8217321789474
1.09;51.461229447619;0.0;33.8192042894737
1.091;51.4505741666667;0.0;33.8170744105263
1.092;51.445459347619;0.0;33.8190578473684
1.093;51.4356236809524;0.0;33.8180687736842
1.094;51.4219660619048;0.0;33.8145463315789
1.095;51.4099736142857;0.0;33.8074042157895
1.096;51.4008667142857;0.0;33.8046877789474
1.097;51.3832559142857;0.0;33.8006052421053
1.098;51.3675072095238;0.0;33.7893002526316
1.099;51.3545138142857;0.0;33.7814656526316
1.1;51.3376614714286;0.0;33.7771027736842
1.101;51.3258052761905;0.0;33.7710888210526
1.102;51.3122295190476;0.0;33.7649518578947
1.103;51.2979468333333;0.0;33.7615373157895
1.104;51.2843669142857;0.0;33.7547769894737
1.105;51.2752949095238;0.0;33.7461649736842
1.106;51.2595379142857;0.0;33.7367729
1.107;51.239923547619;0.0;33.7247483210526
1.108;51.2229976761905;0.0;33.7165397631579
1.109;51.2023992809524;0.0;33.7073700315789
1.11;51.1818425190476;0.0;33.6990810894737
1.111;51.1626741428571;0.0;33.6964945210526
1.112;51.1452095095238;0.0;33.6895133842105
1.113;51.1235072380952;0.0;33.6769367263158
1.114;51.1025773285714;0.0;33.6670942473684
1.115;51.0856652761905;0.0;33.6545004105263
1.116;51.0735234666667;0.0;33.6412873894737
1.117;51.0519363666667;0.0;33.6263662894737
1.118;51.0317310428571;0.0;33.6138200421053
1.119;51.0006924809524;0.0;33.5933416368421
1.12;50.9515393761905;0.0;33.5637990052632
1.121;50.9189421809524;0.0;33.5418247736842
1.122;50.8999227809524;0.0;33.5255125842105
1.123;50.8605519666667;0.0;33.4967305473684
1.124;50.8207473666667;0.0;33.4689090473684
1.125;50.7739706619048;0.0;33.4343222421053
1.126;50.7065396952381;0.0;33.3844680157895
1.127;50.6440722809524;0.0;33.3378463315789
1.128;50.588724352381;0.0;33.2942843210526
1.129;50.5265741428571;0.0;33.2449747473684
1.13;50.4468114047619;0.0;33.1890194210526
1.131;50.3663647952381;0.0;33.1359656421053
1.132;50.2723584380952;0.0;33.0634442789474
1.133;50.1628437047619;0.0;32.9763455105263
1.134;50.0576367952381;0.0;32.8950485421053
1.135;49.9519920857143;0.0;32.8071384578947
1.136;49.8299966095238;0.0;32.7126423421053
1.137;49.6995851761905;0.0;32.6207242578947
1.138;49.5667415333333;0.0;32.5180651052632
1.139;49.4224227142857;0.0;32.4018776578947
1.14;49.2763133857143;0.0;32.2854051526316
1.141;49.1302859904762;0.0;32.1641673947368
1.142;48.9783899857143;0.0;32.0445176105263
1.143;48.8094652;0.0;31.9172021
1.144;48.651302247619;0.0;31.7937017263158
1.145;48.4936044857143;0.0;31.6738234947368
1.146;48.3424257285714;0.0;31.5517093947368
1.147;48.1918164;0.0;31.4295166842105
1.148;48.0495121333333;0.0;31.3202020631579
1.149;47.9064361714286;0.0;31.2069014105263
1.15;47.7608277047619;0.0;31.0932490315789
1.151;47.6295027619048;0.0;30.9902506631579
1.152;47.5059978761905;0.0;30.8886124210526
1.153;47.3845550666667;0.0;30.7960315
1.154;47.2682919571429;0.0;30.7139608789474
1.155;47.1609012761905;0.0;30.6347782789474
1.156;47.0559971190476;0.0;30.5594281684211
1.157;46.9616388904762;0.0;30.4898938947368
1.158;46.8781366666667;0.0;30.4261104578947
1.159;46.8015884047619;0.0;30.3687673368421
1.16;46.7341922714286;0.0;30.3177723894737
1.161;46.6677113142857;0.0;30.2693196315789
1.162;46.6060698857143;0.0;30.2257140894737
1.163;46.5524853190476;0.0;30.1871031736842
1.164;46.5085508761905;0.0;30.1533344894737
1.165;46.4598255380952;0.0;30.1227020105263
1.166;46.4132135095238;0.0;30.0917384526316
1.167;46.3721918857143;0.0;30.0639479315789
1.168;46.3340197142857;0.0;30.0401472631579
1.169;46.2925411904762;0.0;30.0160991631579
1.17;46.2576790761905;0.0;29.9964613052632
1.171;46.2330308761905;0.0;29.9858014736842
1.172;46.203698447619;0.0;29.9692838894737
1.173;46.1739244380952;0.0;29.9526818789474
1.174;46.1440783619048;0.0;29.9345527736842
1.175;46.1152359523809;0.0;29.9132209368421
1.176;46.0860897857143;0.0;29.8949116684211
1.177;46.0535652190476;0.0;29.8765401157895
1.178;46.0252790142857;0.0;29.8588461210526
1.179;46.0031195952381;0.0;29.8428663631579
1.18;45.9754499190476;0.0;29.8275799368421
1.181;45.9455561714286;0.0;29.8148974
1.182;45.9182228;0.0;29.7988153578947
1.183;45.8823982;0.0;29.7779923263158
1.184;45.8492693714286;0.0;29.7617172789474
1.185;45.8168018666667;0.0;29.7452194157895
1.186;45.7829199714286;0.0;29.7246784578947
1.187;45.7544101761905;0.0;29.7108407105263
1.188;45.728705347619;0.0;29.7050143631579
1.189;45.7043508142857;0.0;29.6923272157895
1.19;45.6823205047619;0.0;29.6748650210526
1.191;45.6636334571429;0.0;29.6654587736842
1.192;45.6453169142857;0.0;29.6584847842105
1.193;45.6321308285714;0.0;29.6506507526316
1.194;45.626341152381;0.0;29.6451861736842
1.195;45.6184504238095;0.0;29.6438867421053
1.196;45.6095849571429;0.0;29.6433251736842
1.197;45.6063075333333;0.0;29.6432877736842
1.198;45.6089753142857;0.0;29.6495616526316
1.199;45.6078742285714;0.0;29.6545528368421
1.2;45.6060418285714;0.0;29.6568025526316
1.201;45.6081329809524;0.0;29.6590288736842
1.202;45.6142694809524;0.0;29.6679332
1.203;45.6186905047619;0.0;29.6827470421053
1.204;45.6290045142857;0.0;29.6931034
1.205;45.6491496190476;0.0;29.7032314157895
1.206;45.6632813190476;0.0;29.7180332736842
1.207;45.6740873047619;0.0;29.7335324368421
1.208;45.6901811952381;0.0;29.7494152947368
1.209;45.7089720047619;0.0;29.7687632631579
1.21;45.7280641095238;0.0;29.7898595421053
1.211;45.7489213238095;0.0;29.8095814368421
1.212;45.7709901285714;0.0;29.8319624684211
1.213;45.7919330857143;0.0;29.8614568578947
1.214;45.8179169428571;0.0;29.8869395368421
1.215;45.849979747619;0.0;29.9078443263158
1.216;45.8792203190476;0.0;29.9337267263158
1.217;45.903883547619;0.0;29.9607474368421
1.218;45.9389303380952;0.0;29.9899164157895
1.219;45.9850629;0.0;30.0235589210526
1.22;46.0223140190476;0.0;30.0565871157895
1.221;46.0590799904762;0.0;30.0903025947368
1.222;46.100840247619;0.0;30.1258931
1.223;46.1405503047619;0.0;30.1589924578947
1.224;46.1732602047619;0.0;30.1921165473684
1.225;46.2086285190476;0.0;30.2234705736842
1.226;46.248943452381;0.0;30.2496724210526
1.227;46.2880190285714;0.0;30.2847112210526
1.228;46.3220694809524;0.0;30.3268925052632
1.229;46.3596265285714;0.0;30.3599858052632
1.23;46.404928347619;0.0;30.3929187736842
1.231;46.4431433857143;0.0;30.4263099789474
1.232;46.4780926380952;0.0;30.4551327421053
1.233;46.5109947095238;0.0;30.4828637736842
1.234;46.5397941333333;0.0;30.5110287842105
1.235;46.5705284809524;0.0;30.5414596631579
1.236;46.5976990952381;0.0;30.5689122578947
1.237;46.6282256952381;0.0;30.5969282526316
1.238;46.6662222285714;0.0;30.6338290473684
1.239;46.6970367809524;0.0;30.6628899842105
1.24;46.7252203571429;0.0;30.6877892736842
1.241;46.7513654380952;0.0;30.7050948052632
1.242;46.7784776714286;0.0;30.7296223105263
1.243;46.8016400333333;0.0;30.7544036526316
1.244;46.8263147285714;0.0;30.7765171578947
1.245;46.8552712904762;0.0;30.7997664947368
1.246;46.8769096;0.0;30.822894368421
1.247;46.8898647809524;0.0;30.8422705263158
1.248;46.9126846142857;0.0;30.8642559578947
1.249;46.9400487904762;0.0;30.8909907
1.25;46.9614683571429;0.0;30.9131816736842
1.251;46.9859828142857;0.0;30.9323562736842
1.252;47.0066952952381;0.0;30.9521134157895
1.253;47.0196260142857;0.0;30.9727436894737
1.254;47.0358164285714;0.0;30.9900204894737
1.255;47.0563115714286;0.0;31.0041326105263
1.256;47.0717752809524;0.0;31.0195836315789
1.257;47.0833862571429;0.0;31.0347514631579
1.258;47.0952584714286;0.0;31.0476575684211
1.259;47.1045141666667;0.0;31.0572381315789
1.26;47.1144159952381;0.0;31.0709565684211
1.261;47.1276643857143;0.0;31.0871208526316
1.262;47.1343737809524;0.0;31.1006080473684
1.263;47.1429606714286;0.0;31.1114882736842
1.264;47.1523631190476;0.0;31.1239623526316
1.265;47.1562831095238;0.0;31.1350133947368
1.266;47.1558693333333;0.0;31.1419822105263
1.267;47.1589417142857;0.0;31.1478044157895
1.268;47.1632209761905;0.0;31.1565294842105
1.269;47.1599103095238;0.0;31.1596483263158
1.27;47.1502796857143;0.0;31.1529980947368
1.271;47.1504072809524;0.0;31.1545454631579
1.272;47.1530611238095;0.0;31.1618971789474
1.273;47.1479880047619;0.0;31.1623043894737
1.274;47.1442125;0.0;31.1600838473684
1.275;47.1436797619048;0.0;31.1601824947368
1.276;47.1402441619048;0.0;31.1592855894737
1.277;47.1306984047619;0.0;31.1552624105263
1.278;47.1269272809524;0.0;31.1527844105263
1.279;47.1176705809524;0.0;31.1484080473684
1.28;47.0934117571429;0.0;31.1380391631579
1.281;47.0738352;0.0;31.1291250684211
1.282;47.0566410380952;0.0;31.1249447210526
1.283;47.0408208428571;0.0;31.1148076526316
1.284;47.0300803714286;0.0;31.1044300421053
1.285;47.0106769809524;0.0;31.0832043368421
1.286;46.9867396;0.0;31.0674874736842
1.287;46.962715452381;0.0;31.0502263631579
1.288;46.9336814285714;0.0;31.0308973
1.289;46.8917590857143;0.0;31.0113409315789
1.29;46.8598752285714;0.0;30.9915390842105
1.291;46.8346340952381;0.0;30.9703253368421
1.292;46.8003040571429;0.0;30.9447851368421
1.293;46.7628980047619;0.0;30.9168197578947
1.294;46.7253420190476;0.0;30.8911363052632
1.295;46.6843240666667;0.0;30.8636083263158
1.296;46.6417812047619;0.0;30.8331416368421
1.297;46.6015809714286;0.0;30.8066187894737
1.298;46.554734652381;0.0;30.7736173631579
1.299;46.5016521333333;0.0;30.7329780578947
1.3;46.4477009523809;0.0;30.6918111684211
1.301;46.391443452381;0.0;30.6494864789474
1.302;46.3313260095238;0.0;30.6043367736842
1.303;46.2704309714286;0.0;30.5567413894737
1.304;46.2035294380952;0.0;30.5054883421053
1.305;46.1241460380952;0.0;30.4485509684211
1.306;46.0533837380952;0.0;30.3940993210526
1.307;45.9918796380952;0.0;30.3435228421053
1.308;45.9188917333333;0.0;30.2837670631579
1.309;45.8363217571429;0.0;30.2193645315789
1.31;45.7494695238095;0.0;30.1525043789474
1.311;45.6684244095238;0.0;30.0856726684211
1.312;45.5820412190476;0.0;30.0134088894737
1.313;45.4847650904762;0.0;29.9372786105263
1.314;45.3929547857143;0.0;29.8613911105263
1.315;45.2920061714286;0.0;29.7845453631579
1.316;45.1690759666667;0.0;29.7031461842105
1.317;45.0567749809524;0.0;29.6170919473684
1.318;44.9565838952381;0.0;29.5324465157895
1.319;44.8429362285714;0.0;29.4433174894737
1.32;44.7195449095238;0.0;29.3463834315789
1.321;44.5978295047619;0.0;29.2486133526316
1.322;44.4753444333333;0.0;29.1519965526316
1.323;44.3488611238095;0.0;29.0520722052632
1.324;44.2241558333333;0.0;28.9491696
1.325;44.0891080809524;0.0;28.8401277736842
1.326;43.9436059380952;0.0;28.7239648368421
1.327;43.8012749190476;0.0;28.6137083210526
1.328;43.6544754285714;0.0;28.5041077052632
1.329;43.5073116142857;0.0;28.3897763947368
1.33;43.3636145047619;0.0;28.2787279631579
1.331;43.2170514904762;0.0;28.1653364789474
1.332;43.0687715952381;0.0;28.0489295631579
1.333;42.9159091;0.0;27.9246088421053
1.334;42.7622745333333;0.0;27.8029842578947
1.335;42.6058730047619;0.0;27.6819445631579
1.336;42.452501947619;0.0;27.5616252210526
1.337;42.2973429428571;0.0;27.4394648421053
1.338;42.1462600809524;0.0;27.3182866473684
1.339;41.9999295285714;0.0;27.1991250263158
1.34;41.8498404809524;0.0;27.0804683157895
1.341;41.6968001238095;0.0;26.9592607631579
1.342;41.5490760904762;0.0;26.8414234052632
1.343;41.4023317333333;0.0;26.7244771947368
1.344;41.2564400952381;0.0;26.6127250263158
1.345;41.1126209142857;0.0;26.5049732157895
1.346;40.9709851904762;0.0;26.3952593210526
1.347;40.8283788190476;0.0;26.2875804578947
1.348;40.6882098761905;0.0;26.1806642421053
1.349;40.5483166666667;0.0;26.0707975263158
1.35;40.4141998285714;0.0;25.9641416736842
1.351;40.2833794809524;0.0;25.8593425315789
1.352;40.1526461761905;0.0;25.7576240789474
1.353;40.029190952381;0.0;25.6597825052632
1.354;39.9005621666667;0.0;25.5580918947368
1.355;39.7662942142857;0.0;25.4579889210526
1.356;39.6352680666667;0.0;25.3566594631579
1.357;39.5104604285714;0.0;25.2522547157895
1.358;39.3757270571429;0.0;25.1460947684211
1.359;39.2414921666667;0.0;25.0423577736842
1.36;39.0978396428571;0.0;24.9345313789474
1.361;38.9428203428571;0.0;24.8197976210526
1.362;38.793229447619;0.0;24.7071082105263
1.363;38.6374490428571;0.0;24.5877037368421
1.364;38.486340347619;0.0;24.4679927263158
1.365;38.312400747619;0.0;24.3366737421053
1.366;38.1314739;0.0;24.2018860736842
1.367;37.9395735142857;0.0;24.0565782684211
1.368;37.7326700095238;0.0;23.9035136157895
1.369;37.5217535047619;0.0;23.7421146894737
1.37;37.3116908285714;0.0;23.5755200631579
1.371;37.0812391047619;0.0;23.3976988736842
1.372;36.8410526380952;0.0;23.2123395684211
1.373;36.5833019809524;0.0;23.0148916
1.374;36.3105937333333;0.0;22.8091125789474
1.375;36.0184831095238;0.0;22.5856963684211
1.376;35.7060469142857;0.0;22.3453966210526
1.377;35.376816852381;0.0;22.0932525052632
1.378;35.031792352381;0.0;21.8287218894737
1.379;34.6597452809524;0.0;21.5431875210526
1.38;34.2637958476191;0.0;21.2394799210526
1.381;33.8466818333333;0.0;20.9203089842105
1.382;33.4071126571429;0.0;20.5784760210526
1.383;32.9364103476191;0.0;20.2226229578947
1.384;32.4269682095238;0.0;19.8459048631579
1.385;31.9191945;0.0;19.4664648736842
1.386;31.3928152714286;0.0;19.0767221842105
1.387;30.8550188619048;0.0;18.6781294368421
1.388;30.3036860142857;0.0;18.2646738315789
1.389;29.7541748428571;0.0;17.8560348526316
1.39;29.2000385761905;0.0;17.4490033263158
1.391;28.6259454714286;0.0;17.0268567263158
1.392;28.054243552381;0.0;16.6141137157895
1.393;27.4779105952381;0.0;16.2013604684211
1.394;26.9104136666667;0.0;15.7937745684211
1.395;26.3275891761905;0.0;15.3783093
1.396;25.759990552381;0.0;14.9761438894737
1.397;25.1981378619048;0.0;14.5769891684211
1.398;24.6573846666667;0.0;14.1981172157895
1.399;24.1179926285714;0.0;13.8271791894737
1.4;23.5941203;0.0;13.4657546421053
1.401;23.0895946952381;0.0;13.1181158
1.402;22.6042433428571;0.0;12.7867263947368
1.403;22.1281706809524;0.0;12.4643359578947
1.404;21.6732991238095;0.0;12.1592181105263
1.405;21.2447322190476;0.0;11.8744572947368
1.406;20.8366921714286;0.0;11.6064430631579
1.407;20.4461721523809;0.0;11.3548504157895
1.408;20.0686024238095;0.0;11.1122982842105
1.409;19.7174840095238;0.0;10.8929388789474
1.41;19.3828959238095;0.0;10.6791273421053
1.411;19.0598085714286;0.0;10.4696239894737
1.412;18.7579380238095;0.0;10.2786345736842
1.413;18.488369647619;0.0;10.1067035947368
1.414;18.2266331238095;0.0;9.94401336842105
1.415;17.9780480952381;0.0;9.79764605789474
1.416;17.7443662428571;0.0;9.65715731578947
1.417;17.5322943285714;0.0;9.53208253684211
1.418;17.3277307142857;0.0;9.40886372105263
1.419;17.1360302714286;0.0;9.2871228
1.42;16.9567568714286;0.0;9.18131307368421
1.421;16.7895569809524;0.0;9.08841303684211
1.422;16.636706152381;0.0;9.00155722105263
1.423;16.4975466666667;0.0;8.92088046315789
1.424;16.3631180047619;0.0;8.84183285263158
1.425;16.237447247619;0.0;8.76546419473684
1.426;16.1164161333333;0.0;8.68887226842105
1.427;16.0038889619048;0.0;8.62222481578947
1.428;15.8987915619048;0.0;8.5653322631579
1.429;15.8009591047619;0.0;8.51270121578947
1.43;15.7111603904762;0.0;8.46461869473684
1.431;15.6330562666667;0.0;8.4220154
1.432;15.5672213714286;0.0;8.39019140526316
1.433;15.497439747619;0.0;8.35358537368421
1.434;15.4320423809524;0.0;8.31656501578947
1.435;15.3786090095238;0.0;8.28426059473684
1.436;15.3315566333333;0.0;8.25359331578947
1.437;15.2824686714286;0.0;8.22723002105263
1.438;15.2434015238095;0.0;8.20592822631579
1.439;15.2066981238095;0.0;8.18590336315789
1.44;15.1645592238095;0.0;8.1684203631579
1.441;15.1323761857143;0.0;8.15310750526316
1.442;15.115096252381;0.0;8.14016877368421
1.443;15.092725947619;0.0;8.12955343684211
1.444;15.0657810619048;0.0;8.12222274736842
1.445;15.0476382;0.0;8.11539802631579
1.446;15.0379415619048;0.0;8.11184988947368
1.447;15.0265211428571;0.0;8.10742020526316
1.448;15.0151908285714;0.0;8.10117357894737
1.449;15.010701347619;0.0;8.09949235263158
1.45;15.0098815619048;0.0;8.10099807894737
1.451;15.0097209857143;0.0;8.10080828947368
1.452;15.0171329666667;0.0;8.10127997368421
1.453;15.0217868952381;0.0;8.10599257894737
1.454;15.0213327857143;0.0;8.10978808947368
1.455;15.0292616095238;0.0;8.11839356315789
1.456;15.0406760952381;0.0;8.13479807894737
1.457;15.0552119333333;0.0;8.14803802631579
1.458;15.0765939047619;0.0;8.16174332631579
1.459;15.0968981904762;0.0;8.17582786842105
1.46;15.1147198190476;0.0;8.18595908947368
1.461;15.141794652381;0.0;8.20347109473684
1.462;15.1736747809524;0.0;8.22477866842105
1.463;15.2093638904762;0.0;8.24968057894737
1.464;15.2479899904762;0.0;8.27257187368421
1.465;15.2917984857143;0.0;8.2978152
1.466;15.3403294571429;0.0;8.33221860526316
1.467;15.3909481904762;0.0;8.36519200526316
1.468;15.4502553;0.0;8.39856164736842
1.469;15.5125269142857;0.0;8.43809744736842
1.47;15.5772304428571;0.0;8.48054061052632
1.471;15.6442397190476;0.0;8.52319542105263
1.472;15.7155703428571;0.0;8.56491488421053
1.473;15.7927962380952;0.0;8.61236743157895
1.474;15.8714037142857;0.0;8.66178928947368
1.475;15.9507065;0.0;8.70600681052632
1.476;16.0360165714286;0.0;8.7581675
1.477;16.1278617285714;0.0;8.82143542105263
1.478;16.2176056047619;0.0;8.87935113684211
1.479;16.3063116380952;0.0;8.93443012631579
1.48;16.4048082;0.0;8.99196030526316
1.481;16.5103748380952;0.0;9.05059583157895
1.482;16.6097018714286;0.0;9.11387345789474
1.483;16.7114071952381;0.0;9.17907924736842
1.484;16.8155601714286;0.0;9.24424447894737
1.485;16.9167564238095;0.0;9.31211071052632
1.486;17.0207563380952;0.0;9.382759
1.487;17.1290553809524;0.0;9.45439420526316
1.488;17.2398608666667;0.0;9.52660582105263
1.489;17.3500651190476;0.0;9.60379064736842
1.49;17.4620299428571;0.0;9.67818152105263
1.491;17.5822696761905;0.0;9.75004229473684
1.492;17.696803347619;0.0;9.82254488947368
1.493;17.8029613761905;0.0;9.89524606842105
1.494;17.9194226619048;0.0;9.96960485263158
1.495;18.042368152381;0.0;10.0432891157895
1.496;18.1617677857143;0.0;10.1188768105263
1.497;18.2865231761905;0.0;10.1959289157895
1.498;18.4061256714286;0.0;10.2755132368421
1.499;18.5165029190476;0.0;10.3589414631579
1.5;18.6359943571429;0.0;10.4383061368421
1.501;18.7595930619048;0.0;10.5170195631579
1.502;18.8831575761905;0.0;10.5976317
1.503;19.0131151571429;0.0;10.6743241105263
1.504;19.1385415619048;0.0;10.7560414736842
1.505;19.2638158761905;0.0;10.8461682526316
1.506;19.3855101904762;0.0;10.9301268684211
1.507;19.5004871190476;0.0;11.0107812263158
1.508;19.6210400238095;0.0;11.0937984789474
1.509;19.7421163380952;0.0;11.1756655684211
1.51;19.8628143047619;0.0;11.2578124
1.511;19.9887828761905;0.0;11.3419401
1.512;20.1116263666667;0.0;11.4262758842105
1.513;20.2300803142857;0.0;11.5096186210526
1.514;20.3506082380952;0.0;11.5929540631579
1.515;20.472769652381;0.0;11.6778541105263
1.516;20.5931403857143;0.0;11.7621736789474
1.517;20.7126998285714;0.0;11.8453494947368
1.518;20.8329807190476;0.0;11.9290716578947
1.519;20.9536180809524;0.0;12.0132824157895
1.52;21.0719833619048;0.0;12.0978129789474
1.521;21.1938672380952;0.0;12.1802305263158
1.522;21.3161029142857;0.0;12.2634835157895
1.523;21.4323304;0.0;12.3469715210526
1.524;21.5481747238095;0.0;12.4267752578947
1.525;21.6666699238095;0.0;12.5058162789474
1.526;21.7810234714286;0.0;12.5836565105263
1.527;21.8975362380952;0.0;12.6634481526316
1.528;22.0220887380952;0.0;12.7475625157895
1.529;22.1392299809524;0.0;12.8309678368421
1.53;22.2490831238095;0.0;12.9154967736842
1.531;22.3662085952381;0.0;12.9979076421053
1.532;22.4806682857143;0.0;13.0755045894737
1.533;22.5854843238095;0.0;13.1535857631579
1.534;22.6928645;0.0;13.2334085947368
1.535;22.8033666047619;0.0;13.3129896736842
1.536;22.9112723190476;0.0;13.3929515263158
1.537;23.0179609761905;0.0;13.4705046210526
1.538;23.1283585571429;0.0;13.5476154421053
1.539;23.240844147619;0.0;13.6253431631579
1.54;23.3507169666667;0.0;13.7007336736842
1.541;23.4575759857143;0.0;13.7785896842105
1.542;23.5704498190476;0.0;13.8593340842105
1.543;23.6769593095238;0.0;13.9372279736842
1.544;23.7738004190476;0.0;14.0148496947368
1.545;23.8749474619048;0.0;14.0909693894737
1.546;23.9796929714286;0.0;14.1660576052632
1.547;24.0822142;0.0;14.2400784
1.548;24.1801878238095;0.0;14.3108642421053
1.549;24.2811930380952;0.0;14.3857995
1.55;24.3854611095238;0.0;14.4638238315789
1.551;24.488001852381;0.0;14.5369608842105
1.552;24.5914145571429;0.0;14.6092802947368
1.553;24.6903835761905;0.0;14.6829411157895
1.554;24.7876445714286;0.0;14.7536025789474
1.555;24.8845039952381;0.0;14.8262194315789
1.556;24.9767388047619;0.0;14.9040100684211
1.557;25.0718182761905;0.0;14.9752947157895
1.558;25.1703934952381;0.0;15.0410875105263
1.559;25.2641515666667;0.0;15.1109362421053
1.56;25.3547544571429;0.0;15.1810551578947
1.561;25.4478624190476;0.0;15.2505480842105
1.562;25.5405362190476;0.0;15.3216444526316
1.563;25.6324145190476;0.0;15.3912942105263
1.564;25.7248378142857;0.0;15.4590384
1.565;25.8169662714286;0.0;15.5268761315789
1.566;25.9093734571429;0.0;15.5947119105263
1.567;25.9984327571429;0.0;15.6634915526316
1.568;26.0858914238095;0.0;15.7332068894737
1.569;26.1746283238095;0.0;15.7994219
1.57;26.2622735380952;0.0;15.8650558315789
1.571;26.3470362571429;0.0;15.9301358842105
1.572;26.4311630285714;0.0;15.9918236
1.573;26.5160823619048;0.0;16.0553072736842
1.574;26.5982270952381;0.0;16.1206273578947
1.575;26.6804367;0.0;16.1831702263158
1.576;26.7657379190476;0.0;16.2426663947368
1.577;26.8479366904762;0.0;16.3059006736842
1.578;26.9259776333333;0.0;16.3721586368421
1.579;27.0054042095238;0.0;16.4337681368421
1.58;27.0836172904762;0.0;16.4924959263158
1.581;27.1650916571429;0.0;16.5556877842105
1.582;27.2500333095238;0.0;16.6204970368421
1.583;27.3299803;0.0;16.6805220210526
1.584;27.4102658619048;0.0;16.7407215684211
1.585;27.4887923904762;0.0;16.8030489526316
1.586;27.5615598285714;0.0;16.8634298368421
1.587;27.6378071952381;0.0;16.9202755894737
1.588;27.7163697333333;0.0;16.9772739473684
1.589;27.7943953952381;0.0;17.0374271473684
1.59;27.8717377285714;0.0;17.0927265263158
1.591;27.9491785857143;0.0;17.1508284157895
1.592;28.0292211809524;0.0;17.2186620157895
1.593;28.1058748857143;0.0;17.2797867210526
1.594;28.1805640904762;0.0;17.3349260684211
1.595;28.2546723666667;0.0;17.3909867052632
1.596;28.3277223142857;0.0;17.4456689052632
1.597;28.3986836809524;0.0;17.5027490947368
1.598;28.464664047619;0.0;17.5595364526316
1.599;28.5372187190476;0.0;17.6166511157895
1.6;28.6122215904762;0.0;17.6771934526316
1.601;28.6856307380952;0.0;17.7350136
1.602;28.7644177666667;0.0;17.7912741263158
1.603;28.8387259904762;0.0;17.8467320789474
1.604;28.9098829714286;0.0;17.9003106315789
1.605;28.9787401809524;0.0;17.9555155789474
1.606;29.0459430571429;0.0;18.0117586894737
1.607;29.1121568857143;0.0;18.0645440263158
1.608;29.1734441952381;0.0;18.1159857105263
1.609;29.2383953285714;0.0;18.1695357842105
1.61;29.3050057619048;0.0;18.2220700684211
1.611;29.3708874904762;0.0;18.2729016526316
1.612;29.4412504190476;0.0;18.3271832473684
1.613;29.5032929714286;0.0;18.3764138736842
1.614;29.5552030238095;0.0;18.4171504473684
1.615;29.6190063047619;0.0;18.4654486789474
1.616;29.6904866571429;0.0;18.5195287789474
1.617;29.7491355857143;0.0;18.5656242157895
1.618;29.8063759047619;0.0;18.6090138578947
1.619;29.865991952381;0.0;18.6552518473684
1.62;29.9182050714286;0.0;18.6976889526316
1.621;29.9688155571429;0.0;18.7412041631579
1.622;30.025561847619;0.0;18.7898114894737
1.623;30.0777173333333;0.0;18.8350727105263
1.624;30.1178367095238;0.0;18.8789878
1.625;30.1650000380952;0.0;18.9182680526316
1.626;30.2230189857143;0.0;18.9543430421053
1.627;30.2681724095238;0.0;18.9914665789474
1.628;30.3025104380952;0.0;19.0237202578947
1.629;30.3448220952381;0.0;19.0575706263158
1.63;30.3868975095238;0.0;19.0954569578947
1.631;30.4269784238095;0.0;19.1300253421053
1.632;30.4700670761905;0.0;19.1583776105263
1.633;30.5127839095238;0.0;19.1937917263158
1.634;30.5496440666667;0.0;19.2333223105263
1.635;30.5915782761905;0.0;19.2706320578947
1.636;30.6410105952381;0.0;19.3127978263158
1.637;30.684588047619;0.0;19.3480042157895
1.638;30.7281073714286;0.0;19.3766772684211
1.639;30.7666461047619;0.0;19.4098964315789
1.64;30.7991477190476;0.0;19.4429615157895
1.641;30.8357264238095;0.0;19.4750892105263
1.642;30.870976652381;0.0;19.5116370105263
1.643;30.905941847619;0.0;19.5407820894737
1.644;30.9462254904762;0.0;19.5627947052632
1.645;30.9789609095238;0.0;19.5886347052632
1.646;31.0063620666667;0.0;19.6158231421053
1.647;31.0327923666667;0.0;19.6371698578947
1.648;31.0567352095238;0.0;19.6560138315789
1.649;31.0783077904762;0.0;19.6761324210526
1.65;31.0995142333333;0.0;19.6938309894737
1.651;31.1134127238095;0.0;19.7077618578947
1.652;31.1195789666667;0.0;19.7221037894737
1.653;31.129591247619;0.0;19.7342579473684
1.654;31.1367784333333;0.0;19.7399752789474
1.655;31.1440111619048;0.0;19.7480078
1.656;31.1561367904762;0.0;19.7605835631579
1.657;31.1595033904762;0.0;19.7653358421053
1.658;31.156196747619;0.0;19.7635752578947
1.659;31.1532316666667;0.0;19.7639866368421
1.66;31.1442841809524;0.0;19.7593528789474
1.661;31.1405876571429;0.0;19.7619309631579
1.662;31.1397624952381;0.0;19.7722636736842
1.663;31.1356969857143;0.0;19.7722040315789
1.664;31.1347958142857;0.0;19.7690825736842
1.665;31.126060652381;0.0;19.7684189368421
1.666;31.1086838857143;0.0;19.7630736105263
1.667;31.0987549095238;0.0;19.7588885368421
1.668;31.0885617714286;0.0;19.7591872631579
1.669;31.079114447619;0.0;19.7552923473684
1.67;31.075607647619;0.0;19.7446960263158
1.671;31.0649101619048;0.0;19.7408104157895
1.672;31.048912147619;0.0;19.7425906315789
1.673;31.0349544857143;0.0;19.7382640894737
1.674;31.0209129285714;0.0;19.7324205736842
1.675;31.0048671095238;0.0;19.7261281421053
1.676;30.989751247619;0.0;19.7165821421053
1.677;30.9676100571429;0.0;19.7089336578947
1.678;30.9405841857143;0.0;19.7037357315789
1.679;30.914022947619;0.0;19.6938039684211
1.68;30.884228847619;0.0;19.6826663315789
1.681;30.8534701238095;0.0;19.6676429210526
1.682;30.8235134761905;0.0;19.6503809842105
1.683;30.787114752381;0.0;19.6281694210526
1.684;30.7458529047619;0.0;19.6004779315789
1.685;30.7021068238095;0.0;19.5747432894737
1.686;30.6572504904762;0.0;19.545373
1.687;30.6017488238095;0.0;19.5186623947368
1.688;30.5372098238095;0.0;19.4952370315789
1.689;30.4842791714286;0.0;19.4668014842105
1.69;30.4197944428571;0.0;19.4327901842105
1.691;30.3624879904762;0.0;19.3961035947368
1.692;30.3067534952381;0.0;19.3558469894737
1.693;30.2368276714286;0.0;19.3193864631579
1.694;30.1707352;0.0;19.2843103
1.695;30.1239498380952;0.0;19.2503206631579
1.696;30.079080252381;0.0;19.2219595631579
1.697;30.0191779571429;0.0;19.1997729315789
1.698;29.9701937285714;0.0;19.1705294842105
1.699;29.9185415809524;0.0;19.1389742263158
1.7;29.864206947619;0.0;19.1075476578947
1.701;29.8207145285714;0.0;19.0661694210526
1.702;29.7761931952381;0.0;19.0329239842105
1.703;29.7221680619048;0.0;19.0099856263158
1.704;29.6713270428571;0.0;18.9811728263158
1.705;29.6274831857143;0.0;18.9511818894737
1.706;29.5829669952381;0.0;18.9226602947368
1.707;29.5367068190476;0.0;18.8892943842105
1.708;29.4898410047619;0.0;18.8608366263158
1.709;29.4453731666667;0.0;18.8451333736842
1.71;29.4000132714286;0.0;18.8155200947368
1.711;29.3504296190476;0.0;18.7773148631579
1.712;29.3050373047619;0.0;18.7426904894737
1.713;29.262265447619;0.0;18.6992057473684
1.714;29.2207776190476;0.0;18.6614210842105
1.715;29.190511152381;0.0;18.6323637473684
1.716;29.1428862952381;0.0;18.5981959578947
1.717;29.0855262761905;0.0;18.5597979947368
1.718;29.031496352381;0.0;18.5259202421053
1.719;28.9659875904762;0.0;18.4970074736842
1.72;28.9064799333333;0.0;18.4608462105263
1.721;28.8499993;0.0;18.4220448578947
1.722;28.7994504190476;0.0;18.3849945368421
1.723;28.7536862333333;0.0;18.3434113315789
1.724;28.7031204904762;0.0;18.3037600894737
1.725;28.6590063;0.0;18.2660551210526
1.726;28.6084046095238;0.0;18.2308553105263
1.727;28.542020152381;0.0;18.1943469947368
1.728;28.4957803571429;0.0;18.1614095631579
1.729;28.4630374428571;0.0;18.1369707684211
1.73;28.4202675952381;0.0;18.1040598894737
1.731;28.3788770190476;0.0;18.0643455210526
1.732;28.3432688238095;0.0;18.0329701842105
1.733;28.3041121142857;0.0;18.0012970105263
1.734;28.2692774238095;0.0;17.9739616631579
1.735;28.2477972380952;0.0;17.9573828052632
1.736;28.2144764952381;0.0;17.9282635736842
1.737;28.1716680714286;0.0;17.8915822263158
1.738;28.1362998428571;0.0;17.8639571578947
1.739;28.1036447190476;0.0;17.8354888210526
1.74;28.0675260428571;0.0;17.8081344368421
1.741;28.0331326333333;0.0;17.7878466578947
1.742;27.9921014;0.0;17.7617636789474
1.743;27.9456700714286;0.0;17.7330046894737
1.744;27.9032192761905;0.0;17.6980878105263
1.745;27.8603983;0.0;17.6615323526316
1.746;27.8191556333333;0.0;17.6231608842105
1.747;27.7652236809524;0.0;17.5763649315789
1.748;27.7050366619048;0.0;17.5337947842105
1.749;27.6484443;0.0;17.4910841631579
1.75;27.5924895;0.0;17.4434928947368
1.751;27.5360456380952;0.0;17.3985285789474
1.752;27.4793611047619;0.0;17.3577562684211
1.753;27.4240863047619;0.0;17.3145563736842
1.754;27.373282347619;0.0;17.2676775421053
1.755;27.3152645428571;0.0;17.2257022894737
1.756;27.250765552381;0.0;17.1869289315789
1.757;27.1923483857143;0.0;17.1463693421053
1.758;27.1335787666667;0.0;17.1092643315789
1.759;27.0726733523809;0.0;17.0702440736842
1.76;27.0104221571429;0.0;17.0280286842105
1.761;26.9577566;0.0;16.9864392894737
1.762;26.9095302380952;0.0;16.9422847526316
1.763;26.8567253333333;0.0;16.9045082842105
1.764;26.8081611238095;0.0;16.8711407736842
1.765;26.7642587142857;0.0;16.8350272315789
1.766;26.7202992952381;0.0;16.8029700947368
1.767;26.6706270047619;0.0;16.7685053842105
1.768;26.6168417666667;0.0;16.7253324263158
1.769;26.5830756571429;0.0;16.6945849210526
1.77;26.5572532619048;0.0;16.6742889947368
1.771;26.5197185047619;0.0;16.6459654105263
1.772;26.4947210095238;0.0;16.6161517263158
1.773;26.4656584714286;0.0;16.5949688315789
1.774;26.4151978714286;0.0;16.5736166631579
1.775;26.3846067428571;0.0;16.5542710578947
1.776;26.377574247619;0.0;16.5482312210526
1.777;26.3520911619048;0.0;16.5273541105263
1.778;26.3143952333333;0.0;16.4924784894737
1.779;26.2931864047619;0.0;16.4754986894737
1.78;26.275266047619;0.0;16.4607624789474
1.781;26.2625369238095;0.0;16.4532352736842
1.782;26.2623036952381;0.0;16.4614885315789
1.783;26.2492582190476;0.0;16.4497709315789
1.784;26.2322007857143;0.0;16.4316571
1.785;26.2130772666667;0.0;16.4056541894737
1.786;26.204509247619;0.0;16.3967728421053
1.787;26.2082921333333;0.0;16.4096887842105
1.788;26.2113963666667;0.0;16.4159964210526
1.789;26.2289454333333;0.0;16.4365453157895
1.79;26.2320295666667;0.0;16.4422133052632
1.791;26.2209326428571;0.0;16.4265826052632
1.792;26.2193579380952;0.0;16.4260980631579
1.793;26.2048659714286;0.0;16.4235696894737
1.794;26.2109395190476;0.0;16.4291896894737
1.795;26.2457349619048;0.0;16.4540606789474
1.796;26.261543347619;0.0;16.4677460315789
1.797;26.2769034619048;0.0;16.4786089368421
1.798;26.2919393761905;0.0;16.4881828210526
1.799;26.2940988380952;0.0;16.4932947052632
1.8;26.305118752381;0.0;16.4997119157895
1.801;26.296158947619;0.0;16.5070989421053
1.802;26.2684167952381;0.0;16.5166554631579
1.803;26.2630744380952;0.0;16.5321342315789
1.804;26.2636104142857;0.0;16.5462855736842
1.805;26.2642357809524;0.0;16.5599577473684
1.806;26.2654380666667;0.0;16.5666494947368
1.807;26.2737395047619;0.0;16.5691880263158
1.808;26.2940027761905;0.0;16.5781265421053
1.809;26.299190052381;0.0;16.5924473157895
1.81;26.3181123428571;0.0;16.6002992210526
1.811;26.3538813285714;0.0;16.6062916368421
1.812;26.3503804761905;0.0;16.6062435368421
1.813;26.3544324047619;0.0;16.6113220210526
1.814;26.3485094;0.0;16.6074030631579
1.815;26.3555975761905;0.0;16.6101758789474
1.816;26.3675508285714;0.0;16.6272958
1.817;26.3712708;0.0;16.6291612315789
1.818;26.3791613285714;0.0;16.6251654789474
1.819;26.3954481285714;0.0;16.6289334684211
1.82;26.3843131285714;0.0;16.6179349421053
1.821;26.389732547619;0.0;16.6231036105263
1.822;26.3925163;0.0;16.6314237052632
1.823;26.3959034190476;0.0;16.6488762947368
1.824;26.3883864;0.0;16.6467031
1.825;26.3742603;0.0;16.6427320210526
1.826;26.3667067095238;0.0;16.6432616631579
1.827;26.3550929761905;0.0;16.6385812631579
1.828;26.3531693238095;0.0;16.6248941473684
1.829;26.3468949904762;0.0;16.6234588947368
1.83;26.3394902142857;0.0;16.6081699684211
1.831;26.3228432619048;0.0;16.5873163
1.832;26.2963052190476;0.0;16.5486171105263
1.833;26.2681290619048;0.0;16.5227313368421
1.834;26.2481853809524;0.0;16.4998275526316
1.835;26.2001729619048;0.0;16.4706596842105
1.836;26.1293458714286;0.0;16.4482504947368
1.837;26.0577910904762;0.0;16.4126590736842
1.838;25.9949384666667;0.0;16.3502831
1.839;25.9338491;0.0;16.3206547157895
1.84;25.860293352381;0.0;16.2732912368421
1.841;25.7931361095238;0.0;16.2175409
1.842;25.7256153428571;0.0;16.1599531263158
1.843;25.6461305142857;0.0;16.1010563421053
1.844;25.5560407333333;0.0;16.0309132263158
1.845;25.476714552381;0.0;15.9519623105263
1.846;25.3945562095238;0.0;15.8779232631579
1.847;25.2528702761905;0.0;15.7830715052632
1.848;25.1195425380952;0.0;15.7013818315789
1.849;24.9702621809524;0.0;15.5967048
1.85;24.7976064095238;0.0;15.4772059263158
1.851;24.631387752381;0.0;15.3519552
1.852;24.4659908;0.0;15.2118413315789
1.853;24.2783253095238;0.0;15.0693984789474
1.854;24.0791246714286;0.0;14.9168150263158
1.855;23.8897452904762;0.0;14.7731139789474
1.856;23.6417026904762;0.0;14.6042582578947
1.857;23.4004093761905;0.0;14.4330486736842
1.858;23.1413518047619;0.0;14.2488949315789
1.859;22.8521122857143;0.0;14.0439069578947
1.86;22.5679607333333;0.0;13.8373498684211
1.861;22.279944452381;0.0;13.6176299578947
1.862;21.9729198619048;0.0;13.4008084052632
1.863;21.6563131047619;0.0;13.1920417631579
1.864;21.3239488952381;0.0;12.9535961421053
1.865;20.9642317;0.0;12.6937649315789
1.866;20.6058767571429;0.0;12.4321903631579
1.867;20.2190197809524;0.0;12.1614610736842
1.868;19.8223583619048;0.0;11.8650759263158
1.869;19.3818701238095;0.0;11.5694577894737
1.87;18.891268247619;0.0;11.2752768684211
1.871;18.4172586333333;0.0;10.9732818526316
1.872;17.9226226428571;0.0;10.6560984
1.873;17.4380054857143;0.0;10.3443167894737
1.874;16.9521840333333;0.0;10.0285463789474
1.875;16.492403;0.0;9.73757325263158
1.876;16.0329919857143;0.0;9.42783681578947
1.877;15.5432001142857;0.0;9.09923854736842
1.878;15.0666375380952;0.0;8.80492677894737
1.879;14.586088852381;0.0;8.52659571052632
1.88;14.1205876904762;0.0;8.23948035789474
1.881;13.6440415238095;0.0;7.95485450526316
1.882;13.1814219857143;0.0;7.68533436842105
1.883;12.7141269285714;0.0;7.40594215263158
1.884;12.2691434428571;0.0;7.13868371052632
1.885;11.8307628571429;0.0;6.88867297368421
1.886;11.3984626333333;0.0;6.64336753157895
1.887;10.983400347619;0.0;6.40327269473684
1.888;10.5845078142857;0.0;6.14456076842105
1.889;10.1982085571429;0.0;5.93273654210526
1.89;9.8201831952381;0.0;5.75739496842105
1.891;9.46020839047619;0.0;5.57611309473684
1.892;9.11848148571429;0.0;5.41235755789474
1.893;8.79869970952381;0.0;5.26687207894737
1.894;8.50444032857143;0.0;5.13931781578947
1.895;8.21188747142857;0.0;5.01160428947368
1.896;7.94675065238095;0.0;4.88686053157895
1.897;7.71003383333333;0.0;4.78769471578947
1.898;7.48758933333333;0.0;4.67976232631579
1.899;7.30180764285714;0.0;4.55651011578947
1.9;7.10469348571429;0.0;4.45432205789474
1.901;6.93943563333333;0.0;4.36952736842105
1.902;6.76493082857143;0.0;4.29711131578947
1.903;6.54394808095238;0.0;4.24392063157895
1.904;6.39292079047619;0.0;4.18403344210526
1.905;6.30053096190476;0.0;4.13765063157895
1.906;6.20538456190476;0.0;4.09410844736842
1.907;6.11488396190476;0.0;4.05822871052632
1.908;6.0854461;0.0;4.02339713157895
1.909;6.00706266190476;0.0;3.9939348368421
1.91;5.87979594761905;0.0;3.98810051578947
1.911;5.7984798952381;0.0;3.96395858421053
1.912;5.72647361904762;0.0;3.91877417894737
1.913;5.67469965714286;0.0;3.89035150526316
1.914;5.66457815238095;0.0;3.86738852631579
1.915;5.63539514761905;0.0;3.85033385263158
1.916;5.60570255714286;0.0;3.82573249473684
1.917;5.5828826;0.0;3.79839627894737
1.918;5.55549951904762;0.0;3.78865272105263
1.919;5.52106651428571;0.0;3.78587740526316
1.92;5.49380039047619;0.0;3.77702344736842
1.921;5.45275337142857;0.0;3.77469839473684
1.922;5.44802042857143;0.0;3.78158462105263
1.923;5.49775685238095;0.0;3.79323602105263
1.924;5.48559736666667;0.0;3.79307867368421
1.925;5.43925088095238;0.0;3.80315755789474
1.926;5.43693502857143;0.0;3.81037982631579
1.927;5.42511463809524;0.0;3.80555902105263
1.928;5.37065874285714;0.0;3.77743801578947
1.929;5.35077213333333;0.0;3.76812794210526
1.93;5.37132738095238;0.0;3.76455392105263
1.931;5.37947461904762;0.0;3.76043576315789
1.932;5.38077399047619;0.0;3.75375907368421
1.933;5.37811026666667;0.0;3.75091528947368
1.934;5.38894463809524;0.0;3.75572522631579
1.935;5.39640795238095;0.0;3.75761133684211
1.936;5.36829260952381;0.0;3.74447225263158
1.937;5.37716544761905;0.0;3.75602441052632
1.938;5.38955332380952;0.0;3.77836498421053
1.939;5.42858906190476;0.0;3.82539428947368
1.94;5.44685530952381;0.0;3.82723018421053
1.941;5.44456066666667;0.0;3.81367656315789
1.942;5.48052074761905;0.0;3.82392587368421
1.943;5.54640874285714;0.0;3.81769451052632
1.944;5.5847350047619;0.0;3.81758862105263
1.945;5.63638325238095;0.0;3.84073225789474
1.946;5.68311491428571;0.0;3.86639321578947
1.947;5.71300250952381;0.0;3.89710093157895
1.948;5.72905585714286;0.0;3.89095221052632
1.949;5.75776665714286;0.0;3.91737370526316
1.95;5.79919441428571;0.0;3.98549481052632
1.951;5.83693664285714;0.0;4.00259699473684
1.952;5.87381291904762;0.0;3.99294515789474
1.953;5.90168714285714;0.0;3.99817556842105
1.954;5.91538271428571;0.0;3.98218627368421
1.955;5.95720486190476;0.0;3.98533280526316
1.956;6.02501094761905;0.0;4.01055228947368
1.957;6.06005536190476;0.0;4.02348439473684
1.958;6.09433716666667;0.0;4.03430438421053
1.959;6.13068675238095;0.0;4.03651244210526
1.96;6.16384916190476;0.0;4.06320594736842
1.961;6.16509817619048;0.0;4.10570941578947
1.962;6.18543573333333;0.0;4.12567460526316
1.963;6.21131692380952;0.0;4.14301305263158
1.964;6.26128607619048;0.0;4.17533998421053
1.965;6.32521628571429;0.0;4.20969801578947
1.966;6.37508087619048;0.0;4.22865724210526
1.967;6.45067543333333;0.0;4.25628313157895
1.968;6.51299041428571;0.0;4.28161701052632
1.969;6.54637811904762;0.0;4.29018034210526
1.97;6.58340783333333;0.0;4.29202454736842
1.971;6.64175125714286;0.0;4.29836065263158
1.972;6.73393139047619;0.0;4.31240457368421
1.973;6.78289657142857;0.0;4.33242369473684
1.974;6.81075650952381;0.0;4.34549797368421
1.975;6.86294673333333;0.0;4.36568402105263
1.976;6.90535039047619;0.0;4.40670834210526
1.977;6.9546537952381;0.0;4.43576669473684
1.978;7.03809670476191;0.0;4.45706877368421
1.979;7.0962928;0.0;4.47859673684211
1.98;7.12451676666667;0.0;4.49200317894737
1.981;7.16883182857143;0.0;4.51842714210526
1.982;7.21616215238095;0.0;4.54931590526316
1.983;7.25949171428571;0.0;4.5791262631579
1.984;7.31935142857143;0.0;4.61780044736842
1.985;7.39848671904762;0.0;4.68097137368421
1.986;7.46168936190476;0.0;4.71559177368421
1.987;7.53335692380952;0.0;4.73358473157895
1.988;7.59084392857143;0.0;4.76463143157895
1.989;7.62851320952381;0.0;4.78789501052632
1.99;7.67810962857143;0.0;4.81711236842105
1.991;7.70836280952381;0.0;4.86635055263158
1.992;7.7705162;0.0;4.90004225263158
1.993;7.84843974761905;0.0;4.92739512631579
1.994;7.95358236666667;0.0;4.94552079473684
1.995;8.0266166;0.0;4.9668945
1.996;8.11427963809524;0.0;4.97056091578947
1.997;8.17962390952381;0.0;5.0058356631579
1.998;8.20280829047619;0.0;5.06636132631579
1.999;8.26223441904762;0.0;5.10234446842105
2;8.34677954761905;0.0;5.14903096315789
2.001;8.41009570476191;0.0;5.18301351052632
2.002;8.47350702380952;0.0;5.19192084210526
2.003;8.53470015238095;0.0;5.20903626315789
2.004;8.58590987619048;0.0;5.22965421578947
2.005;8.63384975238095;0.0;5.25006777894737
2.006;8.67977172380952;0.0;5.26948218947368
2.007;8.71539925714286;0.0;5.27414095263158
2.008;8.78095692857143;0.0;5.31037138421053
2.009;8.85792005714286;0.0;5.38160961052632
2.01;8.92714556666667;0.0;5.40718039473684
2.011;9.03039507142857;0.0;5.40932650526316
2.012;9.09794983809524;0.0;5.44593597894737
2.013;9.13542886666667;0.0;5.47819041578947
2.014;9.18058739047619;0.0;5.50674111578947
2.015;9.19274250952381;0.0;5.57384498421053
2.016;9.24631637142857;0.0;5.61897137894737
2.017;9.31667986190476;0.0;5.65076794210526
2.018;9.40752475714286;0.0;5.64685377894737
2.019;9.47745506190476;0.0;5.67087315789474
2.02;9.57528502380952;0.0;5.70266261578947
2.021;9.63907012857143;0.0;5.73633415789474
2.022;9.66716528571428;0.0;5.77010033684211
2.023;9.71557996190476;0.0;5.80851261578947
2.024;9.75903829047619;0.0;5.85369590526316
2.025;9.81731947142857;0.0;5.89939354210526
2.026;9.91452331904762;0.0;5.96449453684211
2.027;9.95605461428571;0.0;6.00091799473684
2.028;9.93752232857143;0.0;6.01232292105263
2.029;9.98103465714286;0.0;6.04236741052632
2.03;10.0363072571429;0.0;6.07196008947368
2.031;10.0732222285714;0.0;6.08728910526316
2.032;10.1320106904762;0.0;6.11483188947368
2.033;10.2596124571429;0.0;6.16996432105263
2.034;10.328983347619;0.0;6.18928412105263
2.035;10.357266452381;0.0;6.17478032105263
2.036;10.4024253571429;0.0;6.19305261052632
2.037;10.4623395190476;0.0;6.21440103157895
2.038;10.4986413809524;0.0;6.24062757894737
2.039;10.495964247619;0.0;6.29661937368421
2.04;10.5273642190476;0.0;6.32833288421053
2.041;10.5692487571429;0.0;6.33486957894737
2.042;10.6077137857143;0.0;6.35818804736842
2.043;10.6529020619048;0.0;6.38486132631579
2.044;10.7178922952381;0.0;6.41179133684211
2.045;10.7749703857143;0.0;6.44175949473684
2.046;10.8252485095238;0.0;6.47348146842105
2.047;10.883390552381;0.0;6.52040245263158
2.048;10.9571218190476;0.0;6.58579956842105
2.049;11.0162537190476;0.0;6.62467535789474
2.05;11.0729162;0.0;6.67044162105263
2.051;11.1218337095238;0.0;6.70519287894737
2.052;11.1639988142857;0.0;6.71721122631579
2.053;11.2025308857143;0.0;6.72713404736842
2.054;11.2440349809524;0.0;6.7213407368421
2.055;11.264760247619;0.0;6.73821331578947
2.056;11.2385797809524;0.0;6.76831363684211
2.057;11.262011952381;0.0;6.77859183684211
2.058;11.2872924047619;0.0;6.79622257368421
2.059;11.3019297047619;0.0;6.82461479473684
2.06;11.3415962714286;0.0;6.86409993684211
2.061;11.4248625666667;0.0;6.91517226315789
2.062;11.4811757047619;0.0;6.93512267368421
2.063;11.5441049761905;0.0;6.94552662631579
2.064;11.5882133619048;0.0;6.97752904736842
2.065;11.6052038714286;0.0;7.00191173684211
2.066;11.6449012761905;0.0;7.01418312105263
2.067;11.6864617714286;0.0;7.03119840526316
2.068;11.7236243809524;0.0;7.07002876842105
2.069;11.7531202666667;0.0;7.11119934736842
2.07;11.8296587619048;0.0;7.12569934210526
2.071;11.8687478904762;0.0;7.16187225789474
2.072;11.8883078904762;0.0;7.25070058947368
2.073;11.9175594809524;0.0;7.27655792105263
2.074;11.9390092761905;0.0;7.25333680526316
2.075;11.9761664333333;0.0;7.26414765789474
2.076;12.0121291333333;0.0;7.26700027368421
2.077;12.0643986142857;0.0;7.28439030526316
2.078;12.1517974285714;0.0;7.33360356315789
2.079;12.2074455904762;0.0;7.35360903684211
2.08;12.2558365047619;0.0;7.35991712631579
2.081;12.3035356714286;0.0;7.37176776842105
2.082;12.3278352;0.0;7.34813469473684
2.083;12.3646067285714;0.0;7.36322052105263
2.084;12.4107415904762;0.0;7.41417685789474
2.085;12.4566846714286;0.0;7.45983771578947
2.086;12.5023964571429;0.0;7.49222306842105
2.087;12.5501297761905;0.0;7.53004892631579
2.088;12.5962428047619;0.0;7.57578373157895
2.089;12.6479243714286;0.0;7.61960264736842
2.09;12.6859535857143;0.0;7.64926504736842
2.091;12.7190575761905;0.0;7.68061322105263
2.092;12.747526147619;0.0;7.72287909473684
2.093;12.7485103;0.0;7.75081118421053
2.094;12.7815019666667;0.0;7.77927561578947
2.095;12.821009747619;0.0;7.82667386315789
2.096;12.8738074619048;0.0;7.87343564736842
2.097;12.9862752047619;0.0;7.92416264210526
2.098;13.0448227857143;0.0;7.94865171578947
2.099;13.0866783428571;0.0;7.96338326315789
2.1;13.095776247619;0.0;7.97596824210526
2.101;13.1380097571429;0.0;8.00988583157895
2.102;13.1633791857143;0.0;8.02405590526316
2.103;13.1907659380952;0.0;8.04896788947368
2.104;13.2442934714286;0.0;8.1143216
2.105;13.2884387285714;0.0;8.15098782105263
2.106;13.2923350714286;0.0;8.16337330526316
2.107;13.337213652381;0.0;8.18343109473684
2.108;13.4427254142857;0.0;8.20409681578947
2.109;13.4899649857143;0.0;8.23334034736842
2.11;13.5081412809524;0.0;8.25710363684211
2.111;13.5441327666667;0.0;8.27773734210526
2.112;13.5609823761905;0.0;8.31649464210526
2.113;13.5816447;0.0;8.34360192105263
2.114;13.5978423333333;0.0;8.35737662105263
2.115;13.6472576190476;0.0;8.37078860526316
2.116;13.6998321238095;0.0;8.38132344736842
2.117;13.7687328;0.0;8.38182977368421
2.118;13.795189147619;0.0;8.41445707894737
2.119;13.8096705380952;0.0;8.45685301578947
2.12;13.8524565571429;0.0;8.49498085789474
2.121;13.8816800904762;0.0;8.57033161578947
2.122;13.9005210190476;0.0;8.60252350526316
2.123;13.9184263285714;0.0;8.59634087368421
2.124;13.9835562285714;0.0;8.61394413157895
2.125;14.0765704047619;0.0;8.6281047
2.126;14.1193763190476;0.0;8.6465673
2.127;14.1814510238095;0.0;8.66266154736842
2.128;14.2512893095238;0.0;8.69967181052632
2.129;14.3010761142857;0.0;8.77943932631579
2.13;14.2896845285714;0.0;8.80284929473684
2.131;14.3361916285714;0.0;8.80550752631579
2.132;14.4047541333333;0.0;8.85190661052632
2.133;14.4759931;0.0;8.88523182105263
2.134;14.5438719095238;0.0;8.90128092105263
2.135;14.5850623380952;0.0;8.91664315789474
2.136;14.636237147619;0.0;8.94165138947368
2.137;14.6761127809524;0.0;8.97164853684211
2.138;14.6846380285714;0.0;8.98100521578947
2.139;14.6902935333333;0.0;9.00439712105263
2.14;14.6885045571429;0.0;9.07285006315789
2.141;14.7201137857143;0.0;9.10083823157895
2.142;14.7369734095238;0.0;9.0917455
2.143;14.7627157857143;0.0;9.10366492105263
2.144;14.8784194571429;0.0;9.10523688947369
2.145;14.9143540761905;0.0;9.12234786842105
2.146;14.9024018571429;0.0;9.14978659473684
2.147;14.8435393;0.0;9.18668697894737
2.148;14.8662513619048;0.0;9.2349466631579
2.149;14.8990136428571;0.0;9.27321373684211
2.15;14.9121978619048;0.0;9.31139968947369
2.151;14.9734197571429;0.0;9.35999985789474
2.152;14.9896151571429;0.0;9.37634501578947
2.153;14.9231603047619;0.0;9.36410237894737
2.154;14.9511151238095;0.0;9.38259899473684
2.155;15.043818847619;0.0;9.39849744736842
2.156;15.099763352381;0.0;9.40786182105263
2.157;15.1590675238095;0.0;9.42718017894737
2.158;15.2361499571429;0.0;9.45579721578947
2.159;15.3403251809524;0.0;9.47865293157895
2.16;15.389089952381;0.0;9.49938876315789
2.161;15.418237847619;0.0;9.5340757631579
2.162;15.466782;0.0;9.56960128421053
2.163;15.4898296857143;0.0;9.59531288421053
2.164;15.5025787190476;0.0;9.61768835263158
2.165;15.5349297;0.0;9.63485590526316
2.166;15.5701890142857;0.0;9.68683859473684
2.167;15.5400211;0.0;9.7202758
2.168;15.482793252381;0.0;9.73905875789474
2.169;15.4895460333333;0.0;9.7677064
2.17;15.5180625285714;0.0;9.81391767894737
2.171;15.5553201809524;0.0;9.82964334210526
2.172;15.6565133190476;0.0;9.83348547368421
2.173;15.6884044952381;0.0;9.83633667368421
2.174;15.6673934428571;0.0;9.82274254210526
2.175;15.7035625857143;0.0;9.81751597368421
2.176;15.7629496285714;0.0;9.79307915263158
2.177;15.7808102142857;0.0;9.80670533684211
2.178;15.7922116238095;0.0;9.85519892105263
2.179;15.829062047619;0.0;9.86881898421053
2.18;15.8505257380952;0.0;9.88042785263158
2.181;15.8676989666667;0.0;9.91062042105263
2.182;15.9206066285714;0.0;9.92863892105263
2.183;15.9630099238095;0.0;9.95219599473684
2.184;15.9957058571429;0.0;10.0034032368421
2.185;15.9963004761905;0.0;10.0480954789474
2.186;15.9562544142857;0.0;10.0879174
2.187;15.9441784714286;0.0;10.1063643947368
2.188;15.9641247666667;0.0;10.1480476157895
2.189;15.9461499380952;0.0;10.180932
2.19;15.9906860428571;0.0;10.1870928421053
2.191;16.135198752381;0.0;10.1546814052632
2.192;16.1960525047619;0.0;10.1603689789474
2.193;16.252030052381;0.0;10.1745084157895
2.194;16.2526002571429;0.0;10.1701097473684
2.195;16.1678163952381;0.0;10.1560368105263
2.196;16.1686013238095;0.0;10.1671777631579
2.197;16.1606154619048;0.0;10.1839837210526
2.198;16.1923977;0.0;10.1907170578947
2.199;16.3231631428571;0.0;10.2128806947368
2.2;16.3810830619048;0.0;10.2383466421053
2.201;16.4133834380952;0.0;10.2560101315789
2.202;16.4420733142857;0.0;10.2612989526316
2.203;16.4554674857143;0.0;10.2634476842105
2.204;16.4476932285714;0.0;10.2853491368421
2.205;16.4184115285714;0.0;10.3111508526316
2.206;16.378570947619;0.0;10.3183642578947
2.207;16.3715556571429;0.0;10.3194482526316
2.208;16.4076610904762;0.0;10.3748626631579
2.209;16.4181609714286;0.0;10.4281262842105
2.21;16.4217158666667;0.0;10.4450825421053
2.211;16.4299260904762;0.0;10.4639619526316
2.212;16.3802701857143;0.0;10.5036566315789
2.213;16.3941105904762;0.0;10.5063111684211
2.214;16.4850067238095;0.0;10.4695929
2.215;16.5064997761905;0.0;10.4506358210526
2.216;16.4931290952381;0.0;10.4284926631579
2.217;16.5097962904762;0.0;10.4163719736842
2.218;16.5189123333333;0.0;10.3822432473684
2.219;16.535594852381;0.0;10.3929548263158
2.22;16.5800545285714;0.0;10.4544182263158
2.221;16.5982883619048;0.0;10.4780481842105
2.222;16.6108042666667;0.0;10.5210515421053
2.223;16.6029984428571;0.0;10.5332836421053
2.224;16.5802764380952;0.0;10.5025137157895
2.225;16.5610722857143;0.0;10.4852626105263
2.226;16.5089074571429;0.0;10.4570277421053
2.227;16.4731456285714;0.0;10.4371481157895
2.228;16.4747789238095;0.0;10.4166003210526
2.229;16.4224672952381;0.0;10.4090025578947
2.23;16.3020339238095;0.0;10.3854279526316
2.231;16.3035879809524;0.0;10.3922158789474
2.232;16.296892447619;0.0;10.3862722578947
2.233;16.1993134857143;0.0;10.3575919157895
2.234;16.1625815;0.0;10.3061427526316
2.235;16.1623310190476;0.0;10.2487330526316
2.236;16.132537647619;0.0;10.2319386684211
2.237;16.078862;0.0;10.2402206842105
2.238;16.0458060142857;0.0;10.1966281736842
2.239;16.0480657;0.0;10.1553487578947
2.24;15.9841096047619;0.0;10.1254197631579
2.241;15.8782814238095;0.0;10.0719303894737
2.242;15.8001097809524;0.0;10.0152872263158
2.243;15.6673317285714;0.0;9.96261985789474
2.244;15.5993104857143;0.0;9.94117014736842
2.245;15.6126424095238;0.0;9.90842591578947
2.246;15.5664004714286;0.0;9.87773221578947
2.247;15.5273438380952;0.0;9.91692357894737
2.248;15.4613770619048;0.0;9.89166781578947
2.249;15.3235045142857;0.0;9.80822424210526
2.25;15.2356641952381;0.0;9.74187606315789
2.251;15.1979017095238;0.0;9.64903574210526
2.252;15.1194315428571;0.0;9.58614536315789
2.253;14.9919592952381;0.0;9.5405136
2.254;14.9167226952381;0.0;9.48700577368421
2.255;14.8684984428571;0.0;9.43243874736842
2.256;14.8015524380952;0.0;9.4070698631579
2.257;14.689875352381;0.0;9.38897346315789
2.258;14.6232174809524;0.0;9.36131159473684
2.259;14.4703398714286;0.0;9.30266945263158
2.26;14.2949304190476;0.0;9.25480349473684
2.261;14.2882638428571;0.0;9.25904180526316
2.262;14.2917945;0.0;9.2055180631579
2.263;14.2384491095238;0.0;9.13601493684211
2.264;14.2139940285714;0.0;9.07008365263158
2.265;14.1527429857143;0.0;9.02698763157895
2.266;14.0286572095238;0.0;8.94774977894737
2.267;13.9218369285714;0.0;8.88915728947368
2.268;13.8226823190476;0.0;8.88020348947368
2.269;13.7173216952381;0.0;8.83550828947368
2.27;13.5574195380952;0.0;8.72739874210526
2.271;13.4708176333333;0.0;8.69205700526316
2.272;13.4424731380952;0.0;8.71790634210526
2.273;13.3999692238095;0.0;8.70876634736842
2.274;13.3776004285714;0.0;8.73187606315789
2.275;13.3493464142857;0.0;8.71287145789474
2.276;13.3396336285714;0.0;8.62446748947368
2.277;13.2987569904762;0.0;8.59297179473684
2.278;13.2132072428571;0.0;8.57512143157895
2.279;13.1692075666667;0.0;8.55298222631579
2.28;13.1484105;0.0;8.58235603684211
2.281;13.1127409285714;0.0;8.58113487894737
2.282;13.0875884095238;0.0;8.54149151052632
2.283;13.0899005952381;0.0;8.51855476315789
2.284;13.1029196095238;0.0;8.5073790631579
2.285;13.0626542952381;0.0;8.47140802105263
2.286;13.0074035904762;0.0;8.41346726315789
2.287;12.9885196857143;0.0;8.37573062105263
2.288;12.887365347619;0.0;8.37147768947368
2.289;12.8787543428571;0.0;8.35380304736842
2.29;12.8658708952381;0.0;8.32847764210526
2.291;12.8363006142857;0.0;8.31496801052632
2.292;12.8325977714286;0.0;8.27179076842105
2.293;12.7410106904762;0.0;8.21208987894737
2.294;12.6179729095238;0.0;8.15489426842105
2.295;12.5112584904762;0.0;8.09883006842105
2.296;12.4635970238095;0.0;8.0989497631579
2.297;12.4921977714286;0.0;8.08395817368421
2.298;12.483269652381;0.0;8.06800088947368
2.299;12.578704452381;0.0;8.10199169473684
2.3;12.5423616285714;0.0;8.09112167894737
2.301;12.3826838142857;0.0;8.04809043684211
2.302;12.3297465380952;0.0;7.99853374210526
2.303;12.3014821047619;0.0;7.92928574210526
2.304;12.2516495857143;0.0;7.88870799473684
2.305;12.2525423142857;0.0;7.8225150631579
2.306;12.1814822;0.0;7.79454695263158
2.307;12.0277994809524;0.0;7.84404077894737
2.308;11.9725243333333;0.0;7.81754414736842
2.309;11.9458229142857;0.0;7.7489568
2.31;11.8887561714286;0.0;7.70870517368421
2.311;11.8345880047619;0.0;7.64755535789474
2.312;11.8092157333333;0.0;7.59629333157895
2.313;11.8081208333333;0.0;7.56377239473684
2.314;11.7740107952381;0.0;7.54117256315789
2.315;11.7450688;0.0;7.52073328947368
2.316;11.7410061;0.0;7.49057042105263
2.317;11.7718027761905;0.0;7.49256578947368
2.318;11.7010921714286;0.0;7.4676867
2.319;11.5163925380952;0.0;7.34854517368421
2.32;11.4903788904762;0.0;7.33279454736842
2.321;11.499184652381;0.0;7.42293216315789
2.322;11.4537606;0.0;7.42276366842105
2.323;11.5246257238095;0.0;7.43407855263158
2.324;11.5671111952381;0.0;7.44676105263158
2.325;11.4653994190476;0.0;7.3599238631579
2.326;11.4434491047619;0.0;7.33863147368421
2.327;11.6088274571429;0.0;7.40605950526316
2.328;11.6041522952381;0.0;7.40423901052632
2.329;11.4845627761905;0.0;7.35373935263158
2.33;11.3698935666667;0.0;7.39439150526316
2.331;11.340600847619;0.0;7.30321577894737
2.332;11.3227161142857;0.0;7.26555842631579
2.333;11.3209129190476;0.0;7.23316874736842
2.334;11.326075647619;0.0;7.15462975263158
2.335;11.2859840666667;0.0;7.23205374210526
2.336;11.1627937285714;0.0;7.2395492
2.337;11.1551746142857;0.0;7.25901377894737
2.338;11.2017768190476;0.0;7.31308598421053
2.339;11.1806410571429;0.0;7.22948425263158
2.34;11.2776047904762;0.0;7.25079007894737
2.341;11.3096017809524;0.0;7.23828551578947
2.342;11.2486478142857;0.0;7.17616104210526
2.343;11.286026247619;0.0;7.23187258947368
2.344;11.1668625857143;0.0;7.10534142105263
2.345;11.0325660285714;0.0;6.99841562105263
2.346;11.0988026714286;0.0;7.00650658421053
2.347;11.0188171;0.0;6.92092805789474
2.348;10.8515292714286;0.0;6.92901021052632
2.349;10.7708385761905;0.0;6.89380951578947
2.35;10.6704826238095;0.0;6.80554607368421
2.351;10.7124227;0.0;6.84247340526316
2.352;10.8109743761905;0.0;6.81945898947368
2.353;10.7788954904762;0.0;6.74688386842105
2.354;10.7171768095238;0.0;6.68961674736842
2.355;10.6861836857143;0.0;6.67545724736842
2.356;10.5453542904762;0.0;6.53420974736842
2.357;10.514030047619;0.0;6.59506486315789
2.358;10.6065483571429;0.0;6.90594227894737
2.359;10.5995543190476;0.0;6.96498118947368
2.36;10.5724684380952;0.0;6.95979797894737
2.361;10.5053759952381;0.0;6.96684109473684
2.362;10.3997266047619;0.0;6.88509294736842
2.363;10.3273416238095;0.0;6.82864004736842
2.364;10.2294700619048;0.0;6.81924167368421
2.365;10.177624852381;0.0;6.76170763684211
2.366;10.1634601571429;0.0;6.61534289473684
2.367;10.0873692619048;0.0;6.51807247894737
2.368;9.99406696666667;0.0;6.43765697894737
2.369;9.87927856190476;0.0;6.3854061368421
2.37;9.70367705714286;0.0;6.35043377368421
2.371;9.6680959047619;0.0;6.34438504736842
2.372;9.68259192857143;0.0;6.4051881
2.373;9.68880005238095;0.0;6.39863255789474
2.374;9.83995200952381;0.0;6.34699212105263
2.375;9.82929515714286;0.0;6.31538825789474
2.376;9.62181744761905;0.0;6.23495987894737
2.377;9.62249853333333;0.0;6.23576566842105
2.378;9.72315351904762;0.0;6.38241782105263
2.379;9.72711737142857;0.0;6.34280911578947
2.38;9.88254226190476;0.0;6.2128861
2.381;9.8728509952381;0.0;6.18076799473684
2.382;9.5481843;0.0;6.04021392631579
2.383;9.52371990952381;0.0;5.97565753157895
2.384;9.69460412857143;0.0;6.05220752631579
2.385;9.65492160476191;0.0;6.06817677894737
2.386;9.63710317619048;0.0;5.99446078421053
2.387;9.60240967142857;0.0;6.05781774210526
2.388;9.4360496952381;0.0;6.32729905263158
2.389;9.3277209047619;0.0;6.37477813157895
2.39;9.26984766666667;0.0;6.36015011052632
2.391;9.23839240476191;0.0;6.30551765263158
2.392;9.12841721904762;0.0;6.04634796315789
2.393;9.04582000952381;0.0;5.93322621578947
2.394;9.14796473809524;0.0;5.89271022631579
2.395;9.08923666666667;0.0;5.83736599473684
2.396;8.81643827142857;0.0;5.81927555263158
2.397;8.80906149047619;0.0;5.79357736842105
2.398;8.93259147142857;0.0;5.7085427
2.399;8.95657756190476;0.0;5.76258705263158
2.4;9.08423293809524;0.0;5.9943145
2.401;9.08224689523809;0.0;5.94388238947368
2.402;8.92969764761905;0.0;5.80295931052632
2.403;8.8348494952381;0.0;5.78835046842105
2.404;8.79811543809524;0.0;5.62951988947368
2.405;8.78173533333333;0.0;5.56825941578947
2.406;8.63402033333333;0.0;5.67727482105263
2.407;8.66575319523809;0.0;5.73553465263158
2.408;8.94214992380952;0.0;5.71970546842105
2.409;8.89037154761905;0.0;5.74576730526316
2.41;8.74552235714286;0.0;5.98563240526316
2.411;8.65185585238095;0.0;5.94444515789474
2.412;8.26722217619048;0.0;5.65183197368421
2.413;8.17415843809524;0.0;5.57569931052632
2.414;8.39413513809524;0.0;5.51719092105263
2.415;8.41700530952381;0.0;5.37422398947368
2.416;8.4998278952381;0.0;5.14036787894737
2.417;8.44433612857143;0.0;5.13310904210526
2.418;8.1461129047619;0.0;5.22818000526316
2.419;8.12115727619048;0.0;5.21097473157895
2.42;8.24355253333333;0.0;5.42063392105263
2.421;8.18047425238095;0.0;5.44201911052632
2.422;8.21950293333333;0.0;5.12219143157895
2.423;8.12669947142857;0.0;5.05925068947368
2.424;7.53680869047619;0.0;5.24091258947368
2.425;7.50913351904762;0.0;5.15710792631579
2.426;7.98750024761905;0.0;4.87148147368421
2.427;8.01291300476191;0.0;4.83075931578947
2.428;8.14279467142857;0.0;4.80851212105263
2.429;8.1550468952381;0.0;4.81824497368421
2.43;7.65549588571429;0.0;5.05433486842105
2.431;7.58578424285714;0.0;5.13088419473684
2.432;7.81984998095238;0.0;5.03824433684211
2.433;7.85230978571429;0.0;5.01997468421053
2.434;7.97676037142857;0.0;5.09864434210526
2.435;7.987359;0.0;5.1102515368421
2.436;7.8168202;0.0;5.12435956842105
2.437;7.89101607619048;0.0;5.08576443157895
2.438;8.14269866666667;0.0;4.87433216842105
2.439;7.96783233333333;0.0;4.77982144736842
2.44;7.72222025238095;0.0;4.69129898421053
2.441;7.47647779047619;0.0;4.59943496842105
2.442;6.83502747619048;0.0;4.64455998421053
2.443;6.6918715952381;0.0;4.69476686315789
2.444;6.84202778095238;0.0;4.7049201
2.445;7.01121993809524;0.0;4.69072316842105
2.446;7.51773722380952;0.0;4.72699764210526
2.447;7.15177883333333;0.0;4.60622573157895
2.448;6.8984659;0.0;4.59569902105263
2.449;6.83675549047619;0.0;4.69239973684211
2.45;6.6316618;0.0;4.50011635263158
2.451;6.57243962380952;0.0;4.394365
2.452;6.49804997142857;0.0;4.55122547368421
2.453;5.81702104285714;0.0;4.37015727894737
2.454;5.39336621428571;0.0;4.24694719473684
2.455;5.7847407;0.0;4.3936463368421
2.456;6.10308736190476;0.0;4.28457158421053
2.457;6.3788106952381;0.0;4.41698463684211
2.458;6.63130430952381;0.0;4.67792786842105
2.459;6.3954734;0.0;4.22471673157895
2.46;6.16269112857143;0.0;3.93960244736842
2.461;6.21508662380952;0.0;4.0976544
2.462;6.72370665714286;0.0;4.13982406842105
2.463;6.97569831428571;0.0;4.68649743684211
2.464;6.32148113809524;0.0;4.8923237
2.465;5.77196448571429;0.0;4.46502369473684
2.466;5.3256408047619;0.0;4.13561054736842
2.467;4.99013462380952;0.0;4.00462972631579
2.468;5.53769043809524;0.0;4.36801072631579
2.469;5.71314856666667;0.0;4.53473751578947
2.47;5.30259142380952;0.0;4.36637731578947
2.471;5.58897825714286;0.0;4.33092241578947
2.472;5.80939369047619;0.0;4.2083804631579
2.473;6.15664891428571;0.0;4.27476915263158
2.474;6.93706416190476;0.0;4.57299154210526
2.475;6.71856383333333;0.0;4.46501852105263
2.476;6.43048906190476;0.0;3.92957783684211
2.477;6.52960409047619;0.0;3.87700045263158
2.478;6.63654372380952;0.0;4.03296126315789
2.479;6.38228357619048;0.0;4.11230970526316
2.48;6.0499059952381;0.0;4.65303712631579
2.481;6.29000895238095;0.0;4.32716559473684
2.482;6.23655637619048;0.0;4.28697405263158
2.483;6.18573830952381;0.0;4.73309401578947
2.484;6.17145178095238;0.0;4.75630203157895
2.485;5.88562937142857;0.0;4.78444935789474
2.486;5.7599494952381;0.0;4.72059360526316
2.487;5.39219;0.0;3.80947458947368
2.488;5.73866611428571;0.0;3.52469303157895
2.489;7.28901639047619;0.0;3.66212351578947
2.49;7.49839917142857;0.0;3.90372723684211
2.491;7.11140037619048;0.0;5.00718565789474
2.492;7.1197039952381;0.0;5.29186285263158
2.493;6.09776897142857;0.0;5.01204312631579
2.494;5.98659848571429;0.0;4.82592768421053
2.495;7.30729375238095;0.0;3.78271411052632
2.496;7.5561486047619;0.0;3.64500220526316
2.497;7.24904004761905;0.0;4.28406342105263
2.498;6.16839924285714;0.0;4.26943063684211
2.499;6.47363207619048;0.0;4.96267381578947
2.5;6.99842547142857;0.0;5.08475131052632
