wavelength;reflectance;direct_transmittance;diffuse_transmittance
0.4;4.658378;0.0;1.834081
0.401;4.6143208;0.0;1.8516744
0.402;4.728447;0.0;1.8896004
0.403;4.7200274;0.0;1.8949694
0.404;4.6616536;0.0;1.8871368
0.405;4.6859294;0.0;1.8916845
0.406;4.6319672;0.0;1.8150777
0.407;4.6146634;0.0;1.7728705
0.408;4.6899876;0.0;1.8239142
0.409;4.733253;0.0;1.866677
0.41;4.7127169;0.0;1.874619
0.411;4.6551483;0.0;1.8376576
0.412;4.6436851;0.0;1.7524359
0.413;4.6945535;0.0;1.8046138
0.414;4.7444557;0.0;1.8783546
0.415;4.7112563;0.0;1.7883088
0.416;4.6266199;0.0;1.7341433
0.417;4.5921486;0.0;1.7344456
0.418;4.6461739;0.0;1.7635425
0.419;4.6254993;0.0;1.7438686
0.42;4.5685575;0.0;1.7092
0.421;4.5210425;0.0;1.6830304
0.422;4.5439328;0.0;1.6738644
0.423;4.5799931;0.0;1.7202472
0.424;4.6054359;0.0;1.7738029
0.425;4.6082797;0.0;1.7520646
0.426;4.576968;0.0;1.7126665
0.427;4.5488338;0.0;1.6868096
0.428;4.556902;0.0;1.6913411
0.429;4.5947002;0.0;1.7178202
0.43;4.5780266;0.0;1.6996457
0.431;4.5035777;0.0;1.6363833
0.432;4.512627;0.0;1.6461557
0.433;4.5229798;0.0;1.655512
0.434;4.5197607;0.0;1.65775
0.435;4.5236917;0.0;1.6827479
0.436;4.4830921;0.0;1.645386
0.437;4.443349;0.0;1.6084741
0.438;4.4586556;0.0;1.6492189
0.439;4.4663382;0.0;1.6686422
0.44;4.4552668;0.0;1.6796559
0.441;4.4330795;0.0;1.6957096
0.442;4.4450361;0.0;1.7040467
0.443;4.4336753;0.0;1.7042636
0.444;4.4004478;0.0;1.7095202
0.445;4.4088106;0.0;1.7507039
0.446;4.4205941;0.0;1.7915274
0.447;4.4254037;0.0;1.8210591
0.448;4.4214827;0.0;1.8404628
0.449;4.4023022;0.0;1.882189
0.45;4.4009573;0.0;1.9357661
0.451;4.4321857;0.0;1.9843659
0.452;4.4189818;0.0;2.0165703
0.453;4.396284;0.0;2.0477514
0.454;4.3816236;0.0;2.0827541
0.455;4.3573758;0.0;2.1073502
0.456;4.3464006;0.0;2.1325077
0.457;4.3501486;0.0;2.160866
0.458;4.3572147;0.0;2.1904912
0.459;4.3623016;0.0;2.2077385
0.46;4.360519;0.0;2.2109875
0.461;4.3491035;0.0;2.205939
0.462;4.3304136;0.0;2.2191834
0.463;4.3236118;0.0;2.2310268
0.464;4.32955;0.0;2.2257909
0.465;4.2968984;0.0;2.2021177
0.466;4.276307;0.0;2.1999783
0.467;4.280307;0.0;2.2209611
0.468;4.2854218;0.0;2.2266144
0.469;4.2847467;0.0;2.2385656
0.47;4.2698296;0.0;2.2396953
0.471;4.2364724;0.0;2.2058823
0.472;4.2195999;0.0;2.2092796
0.473;4.2269146;0.0;2.2337565
0.474;4.249912;0.0;2.2523059
0.475;4.241057;0.0;2.2593294
0.476;4.22437;0.0;2.2625803
0.477;4.2156213;0.0;2.2691406
0.478;4.2154833;0.0;2.2850095
0.479;4.212424;0.0;2.3099576
0.48;4.2002363;0.0;2.3314113
0.481;4.1761542;0.0;2.3279554
0.482;4.1890999;0.0;2.3528326
0.483;4.206002;0.0;2.3828075
0.484;4.1832097;0.0;2.3833515
0.485;4.1761673;0.0;2.3981467
0.486;4.1720138;0.0;2.4160556
0.487;4.1616932;0.0;2.4311395
0.488;4.1660871;0.0;2.4670841
0.489;4.1746221;0.0;2.5118462
0.49;4.181115;0.0;2.562498
0.491;4.1839431;0.0;2.6276809
0.492;4.175652;0.0;2.6818421
0.493;4.166526;0.0;2.7355292
0.494;4.1747605;0.0;2.8144625
0.495;4.197066;0.0;2.9020464
0.496;4.2077552;0.0;2.9901118
0.497;4.1911815;0.0;3.0784887
0.498;4.1948963;0.0;3.1932916
0.499;4.2152611;0.0;3.3378514
0.5;4.2412283;0.0;3.5054057
0.501;4.2492756;0.0;3.6688848
0.502;4.2756937;0.0;3.8629323
0.503;4.3183149;0.0;4.0890194
0.504;4.3443594;0.0;4.3233513
0.505;4.3610935;0.0;4.5682532
0.506;4.3887597;0.0;4.8418706
0.507;4.4484223;0.0;5.1638543
0.508;4.5112739;0.0;5.50509
0.509;4.5715974;0.0;5.8681635
0.51;4.6335952;0.0;6.2611456
0.511;4.7226402;0.0;6.6982728
0.512;4.8261384;0.0;7.1622212
0.513;4.9352223;0.0;7.6437602
0.514;5.044022;0.0;8.1451847
0.515;5.1786311;0.0;8.6794641
0.516;5.3341438;0.0;9.2399889
0.517;5.487521;0.0;9.8089345
0.518;5.6515371;0.0;10.3893551
0.519;5.823033;0.0;10.9787543
0.52;5.9986248;0.0;11.5732477
0.521;6.1994542;0.0;12.1686659
0.522;6.4038397;0.0;12.7537319
0.523;6.5992381;0.0;13.32044
0.524;6.8104206;0.0;13.871751
0.525;7.0084316;0.0;14.3941383
0.526;7.1887389;0.0;14.8835752
0.527;7.3761325;0.0;15.3471641
0.528;7.5482176;0.0;15.7744706
0.529;7.7054446;0.0;16.1666221
0.53;7.8570336;0.0;16.5294418
0.531;7.9819674;0.0;16.8436769
0.532;8.0918752;0.0;17.1229114
0.533;8.1998965;0.0;17.3815368
0.534;8.2913152;0.0;17.6025478
0.535;8.3712579;0.0;17.7938517
0.536;8.4413832;0.0;17.9609592
0.537;8.4916113;0.0;18.0998011
0.538;8.5366208;0.0;18.2230315
0.539;8.5783755;0.0;18.3315123
0.54;8.6075966;0.0;18.4149034
0.541;8.6249853;0.0;18.4833
0.542;8.6396882;0.0;18.545875
0.543;8.6629204;0.0;18.6108791
0.544;8.6799767;0.0;18.6713318
0.545;8.6948851;0.0;18.7269202
0.546;8.7122742;0.0;18.7794704
0.547;8.7259603;0.0;18.8347222
0.548;8.7413873;0.0;18.8921111
0.549;8.7603287;0.0;18.9489666
0.55;8.778767;0.0;19.000515
0.551;8.7878947;0.0;19.0376824
0.552;8.7873103;0.0;19.0612887
0.553;8.7832298;0.0;19.0802236
0.554;8.7708357;0.0;19.0765642
0.555;8.7482294;0.0;19.0493899
0.556;8.7144529;0.0;19.0023504
0.557;8.6708408;0.0;18.9292245
0.558;8.6111;0.0;18.8252577
0.559;8.5325827;0.0;18.6909636
0.56;8.4464659;0.0;18.5428337
0.561;8.3543056;0.0;18.3716835
0.562;8.2550011;0.0;18.1749005
0.563;8.1423426;0.0;17.9610242
0.564;8.0289273;0.0;17.7250499
0.565;7.9090301;0.0;17.4651999
0.566;7.7659323;0.0;17.1812254
0.567;7.6299116;0.0;16.8902952
0.568;7.4918577;0.0;16.583513
0.569;7.3374654;0.0;16.2505631
0.57;7.1952137;0.0;15.9238357
0.571;7.0570003;0.0;15.597749
0.572;6.9168117;0.0;15.2679933
0.573;6.7856744;0.0;14.9442589
0.574;6.6597142;0.0;14.6338443
0.575;6.5382108;0.0;14.3378662
0.576;6.4233244;0.0;14.0473111
0.577;6.3222173;0.0;13.7781682
0.578;6.2312147;0.0;13.5288923
0.579;6.1410514;0.0;13.2890729
0.58;6.0639174;0.0;13.0649949
0.581;5.9918647;0.0;12.8515853
0.582;5.9160947;0.0;12.6431265
0.583;5.8498477;0.0;12.4460183
0.584;5.7876659;0.0;12.2587732
0.585;5.7262677;0.0;12.0802885
0.586;5.6706765;0.0;11.9130022
0.587;5.6208263;0.0;11.7530499
0.588;5.5759148;0.0;11.6003406
0.589;5.534524;0.0;11.4594588
0.59;5.4928637;0.0;11.326417
0.591;5.4547731;0.0;11.2031289
0.592;5.4265744;0.0;11.0930412
0.593;5.3986563;0.0;10.9908613
0.594;5.3709682;0.0;10.8969998
0.595;5.3454992;0.0;10.8130766
0.596;5.3251652;0.0;10.7425867
0.597;5.3041844;0.0;10.6719531
0.598;5.281028;0.0;10.5956104
0.599;5.2637893;0.0;10.525017
0.6;5.2476627;0.0;10.4580619
0.601;5.2323439;0.0;10.3918068
0.602;5.2212831;0.0;10.3219481
0.603;5.1977437;0.0;10.2409219
0.604;5.1669112;0.0;10.1498707
0.605;5.1416661;0.0;10.0538659
0.606;5.1176926;0.0;9.9554781
0.607;5.0908441;0.0;9.8516219
0.608;5.0590371;0.0;9.7391928
0.609;5.0281649;0.0;9.6189358
0.61;4.9985463;0.0;9.4917327
0.611;4.9688905;0.0;9.3604656
0.612;4.9350743;0.0;9.2320562
0.613;4.8977542;0.0;9.0991174
0.614;4.8633546;0.0;8.9664326
0.615;4.8430256;0.0;8.847323
0.616;4.819985;0.0;8.7309076
0.617;4.7921758;0.0;8.6131927
0.618;4.7630403;0.0;8.4943428
0.619;4.7424278;0.0;8.3905932
0.62;4.7240217;0.0;8.2948988
0.621;4.7027152;0.0;8.202266
0.622;4.6813701;0.0;8.1216284
0.623;4.6694813;0.0;8.0545657
0.624;4.6675616;0.0;7.9994058
0.625;4.6648398;0.0;7.9493038
0.626;4.6553789;0.0;7.9115935
0.627;4.6460955;0.0;7.8850375
0.628;4.6502798;0.0;7.8641022
0.629;4.6522205;0.0;7.8463036
0.63;4.6499142;0.0;7.8278281
0.631;4.6444097;0.0;7.8039126
0.632;4.636344;0.0;7.7657291
0.633;4.6264901;0.0;7.7170576
0.634;4.6141163;0.0;7.6555301
0.635;4.5948325;0.0;7.5639038
0.636;4.5728847;0.0;7.4419135
0.637;4.5494484;0.0;7.2919291
0.638;4.5232065;0.0;7.1196239
0.639;4.4916564;0.0;6.9208696
0.64;4.4603084;0.0;6.7029967
0.641;4.4362362;0.0;6.4770527
0.642;4.403949;0.0;6.2394489
0.643;4.3690622;0.0;6.0001927
0.644;4.3391589;0.0;5.7680175
0.645;4.3164536;0.0;5.5399913
0.646;4.2902803;0.0;5.3192206
0.647;4.2610494;0.0;5.113136
0.648;4.2511695;0.0;4.9390171
0.649;4.2403911;0.0;4.7844501
0.65;4.2286087;0.0;4.6502157
0.651;4.2282565;0.0;4.5452196
0.652;4.2299671;0.0;4.4583732
0.653;4.2318495;0.0;4.3839089
0.654;4.2341173;0.0;4.3173856
0.655;4.2376715;0.0;4.2562319
0.656;4.240904;0.0;4.1881475
0.657;4.2442535;0.0;4.1067901
0.658;4.2564375;0.0;4.0252235
0.659;4.2620825;0.0;3.9321649
0.66;4.2594631;0.0;3.8239726
0.661;4.2635725;0.0;3.7054412
0.662;4.274655;0.0;3.5861767
0.663;4.2887522;0.0;3.4668964
0.664;4.2994104;0.0;3.3442322
0.665;4.3162707;0.0;3.2245709
0.666;4.3376707;0.0;3.1128669
0.667;4.3618145;0.0;3.013366
0.668;4.3989041;0.0;2.9283113
0.669;4.4388648;0.0;2.8555287
0.67;4.4777629;0.0;2.7927912
0.671;4.5250541;0.0;2.7398132
0.672;4.5791816;0.0;2.6983632
0.673;4.6396736;0.0;2.6687929
0.674;4.7057695;0.0;2.6513303
0.675;4.7715718;0.0;2.6367626
0.676;4.8434896;0.0;2.6301514
0.677;4.9302559;0.0;2.6400782
0.678;5.0184666;0.0;2.657295
0.679;5.1152613;0.0;2.6869492
0.68;5.2241506;0.0;2.7341794
0.681;5.3296858;0.0;2.7968887
0.682;5.4292395;0.0;2.8816347
0.683;5.524778;0.0;2.996638
0.684;5.625169;0.0;3.1515885
0.685;5.7223757;0.0;3.3583513
0.686;5.8103036;0.0;3.6260416
0.687;5.883907;0.0;3.9631016
0.688;5.9542787;0.0;4.3921306
0.689;6.0317012;0.0;4.9342399
0.69;6.1253494;0.0;5.6060708
0.691;6.2360243;0.0;6.4066819
0.692;6.3805659;0.0;7.3455313
0.693;6.5767401;0.0;8.4243836
0.694;6.8447208;0.0;9.6333291
0.695;7.1781698;0.0;10.9479193
0.696;7.5793429;0.0;12.3486954
0.697;8.0561147;0.0;13.8173089
0.698;8.6092602;0.0;15.3327263
0.699;9.2317365;0.0;16.8736232
0.7;9.9116657;0.0;18.4177794
0.701;10.6338323;0.0;19.942997
0.702;11.3997618;0.0;21.4460373
0.703;12.2037746;0.0;22.9192162
0.704;13.0119774;0.0;24.3314447
0.705;13.8281951;0.0;25.6915559
0.706;14.652049;0.0;27.0033017
0.707;15.4773573;0.0;28.263548
0.708;16.3046842;0.0;29.4750504
0.709;17.1340734;0.0;30.6437943
0.71;17.9657693;0.0;31.7783949
0.711;18.7931946;0.0;32.8823984
0.712;19.6209524;0.0;33.9530771
0.713;20.4533918;0.0;34.9892813
0.714;21.2826826;0.0;36.001602
0.715;22.1105744;0.0;36.9913372
0.716;22.9379205;0.0;37.9588557
0.717;23.7653906;0.0;38.9065273
0.718;24.586092;0.0;39.8258435
0.719;25.3947936;0.0;40.7149442
0.72;26.1887488;0.0;41.5780782
0.721;26.9793712;0.0;42.4199686
0.722;27.7544899;0.0;43.2339066
0.723;28.5012757;0.0;44.0139041
0.724;29.2363082;0.0;44.77005
0.725;29.9530864;0.0;45.4982775
0.726;30.6455748;0.0;46.1953406
0.727;31.3101138;0.0;46.8599549
0.728;31.9528305;0.0;47.4932504
0.729;32.5735962;0.0;48.0974694
0.73;33.1649991;0.0;48.6748926
0.731;33.7332715;0.0;49.2202925
0.732;34.2746717;0.0;49.7350312
0.733;34.7831989;0.0;50.2221203
0.734;35.2701599;0.0;50.6817426
0.735;35.729933;0.0;51.1123666
0.736;36.156854;0.0;51.5130259
0.737;36.5525784;0.0;51.8856783
0.738;36.921293;0.0;52.234649
0.739;37.2641521;0.0;52.5610281
0.74;37.5782058;0.0;52.8615929
0.741;37.8660688;0.0;53.1384077
0.742;38.1263455;0.0;53.3906143
0.743;38.3565574;0.0;53.61663
0.744;38.5636545;0.0;53.821088
0.745;38.7443385;0.0;54.0050086
0.746;38.8953551;0.0;54.1684636
0.747;39.0197787;0.0;54.3109079
0.748;39.1236944;0.0;54.4349262
0.749;39.2112805;0.0;54.5432949
0.75;39.2848765;0.0;54.639671
0.751;39.341615;0.0;54.7238557
0.752;39.3813375;0.0;54.7943116
0.753;39.4057498;0.0;54.8492386
0.754;39.4227251;0.0;54.898699
0.755;39.4329893;0.0;54.9406414
0.756;39.4363628;0.0;54.9727756
0.757;39.4368678;0.0;55.0033344
0.758;39.4299468;0.0;55.0296667
0.759;39.4158143;0.0;55.050874
0.76;39.4042288;0.0;55.0700788
0.761;39.3874777;0.0;55.0857476
0.762;39.3643834;0.0;55.0960094
0.763;39.3368789;0.0;55.0988072
0.764;39.3024066;0.0;55.098452
0.765;39.2660442;0.0;55.0967205
0.766;39.2311809;0.0;55.0933521
0.767;39.1841058;0.0;55.0809965
0.768;39.1365623;0.0;55.0684505
0.769;39.0941286;0.0;55.0602233
0.77;39.0488264;0.0;55.0519515
0.771;39.0066146;0.0;55.0448704
0.772;38.9664706;0.0;55.0365568
0.773;38.9236669;0.0;55.0228163
0.774;38.884723;0.0;55.0132767
0.775;38.849739;0.0;55.0087359
0.776;38.817189;0.0;55.0067532
0.777;38.7854137;0.0;55.0003499
0.778;38.7558229;0.0;54.9967353
0.779;38.7295012;0.0;54.9978438
0.78;38.7064869;0.0;54.9931193
0.781;38.6890158;0.0;54.996267
0.782;38.6729146;0.0;55.0038557
0.783;38.6502006;0.0;55.0026227
0.784;38.6304815;0.0;55.0071138
0.785;38.6154276;0.0;55.0151559
0.786;38.6048323;0.0;55.0222664
0.787;38.5998524;0.0;55.0324907
0.788;38.5924965;0.0;55.0412979
0.789;38.57893;0.0;55.0468099
0.79;38.5610665;0.0;55.0521139
0.791;38.5554146;0.0;55.0582888
0.792;38.5576645;0.0;55.0676337
0.793;38.5511821;0.0;55.0824585
0.794;38.5407872;0.0;55.0926864
0.795;38.5332767;0.0;55.100715
0.796;38.5328909;0.0;55.1107779
0.797;38.529915;0.0;55.1221783
0.798;38.5273534;0.0;55.1339076
0.799;38.5252782;0.0;55.1455953
0.8;38.5170101;0.0;55.1580029
0.801;38.5197018;0.0;55.1699804
0.802;38.5251947;0.0;55.1802952
0.803;38.5146396;0.0;55.1883242
0.804;38.5148451;0.0;55.2030154
0.805;38.5170925;0.0;55.2183264
0.806;38.512214;0.0;55.2288364
0.807;38.5127247;0.0;55.2419048
0.808;38.5183308;0.0;55.2547252
0.809;38.522821;0.0;55.264601
0.81;38.5109207;0.0;55.2682823
0.811;38.5068604;0.0;55.2794079
0.812;38.5113173;0.0;55.2941085
0.813;38.5148963;0.0;55.3023878
0.814;38.5092474;0.0;55.3129837
0.815;38.5069617;0.0;55.3238444
0.816;38.51445;0.0;55.3333869
0.817;38.511236;0.0;55.3455639
0.818;38.509864;0.0;55.3586433
0.819;38.5130061;0.0;55.3699791
0.82;38.514186;0.0;55.3757498
0.821;38.513228;0.0;55.3868401
0.822;38.5122577;0.0;55.3999695
0.823;38.5141123;0.0;55.4089089
0.824;38.5200646;0.0;55.4209942
0.825;38.5210614;0.0;55.4298219
0.826;38.5152908;0.0;55.4343382
0.827;38.5196094;0.0;55.4483506
0.828;38.515089;0.0;55.4593194
0.829;38.5066346;0.0;55.4654333
0.83;38.5135951;0.0;55.4715687
0.831;38.5145299;0.0;55.4808242
0.832;38.5088763;0.0;55.4880953
0.833;38.5020562;0.0;55.4899962
0.834;38.5044751;0.0;55.4993689
0.835;38.5044722;0.0;55.5082337
0.836;38.4994476;0.0;55.5148068
0.837;38.501162;0.0;55.5276395
0.838;38.5042356;0.0;55.5388126
0.839;38.5037034;0.0;55.5464214
0.84;38.4958796;0.0;55.5511282
0.841;38.493759;0.0;55.5538347
0.842;38.4909368;0.0;55.5582891
0.843;38.4837344;0.0;55.567112
0.844;38.4833302;0.0;55.5802444
0.845;38.4879432;0.0;55.5889821
0.846;38.4904595;0.0;55.5929672
0.847;38.4788639;0.0;55.5991898
0.848;38.4720716;0.0;55.6041007
0.849;38.4728664;0.0;55.6113675
0.85;38.4773864;0.0;55.6235614
0.851;38.4727715;0.0;55.6281655
0.852;38.4668693;0.0;55.6346203
0.853;38.4640533;0.0;55.6449688
0.854;38.4611924;0.0;55.6461706
0.855;38.4585322;0.0;55.6520983
0.856;38.4543986;0.0;55.6586121
0.857;38.4467871;0.0;55.6552676
0.858;38.4387259;0.0;55.657501
0.859;38.4351353;0.0;55.6657364
0.86;38.4369751;0.0;55.6763478
0.861;38.433039;0.0;55.6804316
0.862;38.4352729;0.0;55.688184
0.863;38.4389315;0.0;55.6995999
0.864;38.4255578;0.0;55.7061406
0.865;38.4183842;0.0;55.7108025
0.866;38.4153027;0.0;55.7136161
0.867;38.4101475;0.0;55.7151981
0.868;38.411161;0.0;55.7211949
0.869;38.4055133;0.0;55.7283888
0.87;38.3924009;0.0;55.7344537
0.871;38.3897913;0.0;55.7386392
0.872;38.393341;0.0;55.7455927
0.873;38.3949339;0.0;55.7503029
0.874;38.385953;0.0;55.7462649
0.875;38.3752032;0.0;55.7492891
0.876;38.3653957;0.0;55.7531163
0.877;38.35951;0.0;55.7564935
0.878;38.3652583;0.0;55.7794282
0.879;38.3604962;0.0;55.7802998
0.88;38.3462242;0.0;55.765664
0.881;38.3384676;0.0;55.7708937
0.882;38.3460939;0.0;55.7779613
0.883;38.3500169;0.0;55.7798876
0.884;38.3362433;0.0;55.7771596
0.885;38.3248806;0.0;55.7901018
0.886;38.3211908;0.0;55.8000695
0.887;38.3244488;0.0;55.803367
0.888;38.3277525;0.0;55.8106395
0.889;38.3250454;0.0;55.8132006
0.89;38.3140596;0.0;55.8095195
0.891;38.2981231;0.0;55.8031272
0.892;38.2973212;0.0;55.8110499
0.893;38.3056538;0.0;55.8235063
0.894;38.3111628;0.0;55.8322451
0.895;38.2941826;0.0;55.832218
0.896;38.2826007;0.0;55.8314002
0.897;38.2811662;0.0;55.8385884
0.898;38.2858218;0.0;55.858787
0.899;38.2946587;0.0;55.8720693
0.9;38.2950291;0.0;55.8755927
0.901;38.2832667;0.0;55.8697698
0.902;38.2722565;0.0;55.8550314
0.903;38.2666567;0.0;55.8625139
0.904;38.2686478;0.0;55.8821174
0.905;38.27571;0.0;55.8856086
0.906;38.2644642;0.0;55.8803265
0.907;38.2489522;0.0;55.8765582
0.908;38.2424061;0.0;55.8803386
0.909;38.2470038;0.0;55.8871243
0.91;38.2448834;0.0;55.895099
0.911;38.2364235;0.0;55.902546
0.912;38.2329968;0.0;55.9080879
0.913;38.2425055;0.0;55.9133569
0.914;38.2314624;0.0;55.910316
0.915;38.1914035;0.0;55.9014037
0.916;38.1997544;0.0;55.9238736
0.917;38.2079505;0.0;55.9359872
0.918;38.2056628;0.0;55.9284291
0.919;38.2073278;0.0;55.9157851
0.92;38.2219375;0.0;55.9302557
0.921;38.223192;0.0;55.9467924
0.922;38.1966334;0.0;55.9424887
0.923;38.1803162;0.0;55.9336648
0.924;38.1847106;0.0;55.936486
0.925;38.1945213;0.0;55.9479369
0.926;38.1760076;0.0;55.9499789
0.927;38.1770437;0.0;55.952756
0.928;38.1758002;0.0;55.947419
0.929;38.1522002;0.0;55.9320041
0.93;38.1353662;0.0;55.936467
0.931;38.1372904;0.0;55.956233
0.932;38.1448149;0.0;55.9709823
0.933;38.1258245;0.0;55.9505993
0.934;38.1264109;0.0;55.9615249
0.935;38.1250859;0.0;55.9800954
0.936;38.1019424;0.0;55.9752784
0.937;38.0876923;0.0;55.9541824
0.938;38.0824894;0.0;55.9489542
0.939;38.0806264;0.0;55.9508087
0.94;38.0713518;0.0;55.9203575
0.941;38.0556503;0.0;55.9120174
0.942;38.0451229;0.0;55.9228452
0.943;38.0448939;0.0;55.9333912
0.944;38.0336457;0.0;55.9100782
0.945;38.0120875;0.0;55.886559
0.946;37.99682;0.0;55.8841038
0.947;38.0117305;0.0;55.9107634
0.948;37.9792733;0.0;55.9125875
0.949;37.9598432;0.0;55.9093206
0.95;37.987235;0.0;55.9134571
0.951;37.9386602;0.0;55.8683961
0.952;37.9301233;0.0;55.8579373
0.953;37.9491058;0.0;55.8675168
0.954;37.9093599;0.0;55.8281077
0.955;37.9149237;0.0;55.8583296
0.956;37.9161082;0.0;55.878427
0.957;37.8700162;0.0;55.8350342
0.958;37.7971869;0.0;55.8130563
0.959;37.8032667;0.0;55.8142541
0.96;37.8542388;0.0;55.8135435
0.961;37.8437411;0.0;55.7792708
0.962;37.7968779;0.0;55.8033371
0.963;37.7664275;0.0;55.8333416
0.964;37.7721665;0.0;55.8312772
0.965;37.7615171;0.0;55.8246115
0.966;37.734139;0.0;55.7790476
0.967;37.7200973;0.0;55.7455948
0.968;37.7480376;0.0;55.7842751
0.969;37.7284757;0.0;55.7532805
0.97;37.7003019;0.0;55.737354
0.971;37.6990139;0.0;55.7796845
0.972;37.7414606;0.0;55.8377816
0.973;37.7074701;0.0;55.802559
0.974;37.6363436;0.0;55.7268452
0.975;37.6103202;0.0;55.7042085
0.976;37.6413296;0.0;55.732605
0.977;37.6466393;0.0;55.7310819
0.978;37.6239232;0.0;55.7144458
0.979;37.6557433;0.0;55.794505
0.98;37.6351293;0.0;55.7793528
0.981;37.6070016;0.0;55.7539028
0.982;37.6148235;0.0;55.7971121
0.983;37.5759811;0.0;55.749457
0.984;37.569104;0.0;55.7100095
0.985;37.5805899;0.0;55.6947814
0.986;37.5444955;0.0;55.6715522
0.987;37.5627302;0.0;55.7344445
0.988;37.6098524;0.0;55.7806921
0.989;37.6384946;0.0;55.75895
0.99;37.589441;0.0;55.7923609
0.991;37.567022;0.0;55.7687819
0.992;37.5704427;0.0;55.7244532
0.993;37.5560321;0.0;55.7338238
0.994;37.5113056;0.0;55.7039213
0.995;37.4844171;0.0;55.6854584
0.996;37.4885587;0.0;55.7009983
0.997;37.4864295;0.0;55.7242878
0.998;37.4259437;0.0;55.6728386
0.999;37.3670756;0.0;55.6252746
1;37.3773078;0.0;55.6557285
1.001;37.379534;0.0;55.6499021
1.002;37.3739878;0.0;55.6084347
1.003;37.4026326;0.0;55.6189217
1.004;37.4262325;0.0;55.5825301
1.005;37.434939;0.0;55.6163635
1.006;37.3922719;0.0;55.6581443
1.007;37.3539493;0.0;55.6706546
1.008;37.3317459;0.0;55.7038195
1.009;37.2906947;0.0;55.7181453
1.01;37.3217374;0.0;55.7542277
1.011;37.3176442;0.0;55.751982
1.012;37.2883085;0.0;55.7408697
1.013;37.3461904;0.0;55.7248333
1.014;37.3672504;0.0;55.6992197
1.015;37.3834444;0.0;55.6273955
1.016;37.4024715;0.0;55.6496745
1.017;37.4469335;0.0;55.7231716
1.018;37.3906458;0.0;55.7555163
1.019;37.36883;0.0;55.8399593
1.02;37.3665836;0.0;55.8550006
1.021;37.3356978;0.0;55.7712808
1.022;37.3827241;0.0;55.7240462
1.023;37.4178753;0.0;55.6905282
1.024;37.4058149;0.0;55.6804132
1.025;37.4112945;0.0;55.7421028
1.026;37.3659327;0.0;55.7921341
1.027;37.3439759;0.0;55.8262128
1.028;37.322136;0.0;55.886337
1.029;37.3407371;0.0;55.8894788
1.03;37.414416;0.0;55.8403387
1.031;37.4308279;0.0;55.8424217
1.032;37.4745145;0.0;55.8579423
1.033;37.3849579;0.0;55.7998473
1.034;37.3522837;0.0;55.8436076
1.035;37.3428436;0.0;55.8559119
1.036;37.3219526;0.0;55.8189769
1.037;37.4179702;0.0;55.8848836
1.038;37.4808529;0.0;55.9318783
1.039;37.4653395;0.0;55.9201041
1.04;37.4481653;0.0;55.9325283
1.041;37.4246952;0.0;55.9100336
1.042;37.3866399;0.0;55.8928967
1.043;37.2668888;0.0;55.852884
1.044;37.2611886;0.0;55.85663
1.045;37.3146183;0.0;55.8694697
1.046;37.3423146;0.0;55.8909182
1.047;37.4336213;0.0;55.9565623
1.048;37.4913413;0.0;55.9866762
1.049;37.4075809;0.0;55.9359855
1.05;37.3669452;0.0;55.9263356
1.051;37.3261273;0.0;55.9203362
1.052;37.2738076;0.0;55.8973478
1.053;37.339629;0.0;55.9427532
1.054;37.4382671;0.0;56.0043714
1.055;37.4749023;0.0;56.061071
1.056;37.4997506;0.0;56.0761055
1.057;37.4882518;0.0;56.0870207
1.058;37.3859695;0.0;56.1059198
1.059;37.3390459;0.0;56.0892465
1.06;37.2887303;0.0;56.0072533
1.061;37.2793012;0.0;55.9984659
1.062;37.2927769;0.0;56.0245147
1.063;37.3427463;0.0;55.988408
1.064;37.394117;0.0;56.0212831
1.065;37.3949816;0.0;56.0842353
1.066;37.3523779;0.0;56.0697839
1.067;37.3189616;0.0;56.0823099
1.068;37.305035;0.0;56.0848968
1.069;37.2840548;0.0;56.0247311
1.07;37.2882956;0.0;56.0228197
1.071;37.3493247;0.0;56.0506649
1.072;37.3550398;0.0;56.0528247
1.073;37.3326721;0.0;56.0753164
1.074;37.320064;0.0;56.0793898
1.075;37.2883042;0.0;56.0389438
1.076;37.2718841;0.0;56.0342878
1.077;37.2665472;0.0;56.0562285
1.078;37.2752892;0.0;56.0655611
1.079;37.3201483;0.0;56.091328
1.08;37.297498;0.0;56.0842427
1.081;37.2975221;0.0;56.0864395
1.082;37.2941139;0.0;56.0980893
1.083;37.235841;0.0;56.0743971
1.084;37.2257307;0.0;56.0917767
1.085;37.2395843;0.0;56.1069376
1.086;37.2721334;0.0;56.1195674
1.087;37.2887891;0.0;56.1126899
1.088;37.3539546;0.0;56.1228583
1.089;37.3618831;0.0;56.1185607
1.09;37.3233526;0.0;56.0585495
1.091;37.3189501;0.0;56.0672377
1.092;37.305999;0.0;56.13355
1.093;37.2952509;0.0;56.1511058
1.094;37.3124655;0.0;56.1689021
1.095;37.2924656;0.0;56.2090712
1.096;37.2301712;0.0;56.1565577
1.097;37.2076283;0.0;56.0957824
1.098;37.2264824;0.0;56.1091251
1.099;37.2278198;0.0;56.1037834
1.1;37.2533874;0.0;56.1121546
1.101;37.3005275;0.0;56.1497512
1.102;37.2953304;0.0;56.1484516
1.103;37.232479;0.0;56.0844718
1.104;37.2128831;0.0;56.0802111
1.105;37.166227;0.0;56.1079075
1.106;37.1647201;0.0;56.1198216
1.107;37.232976;0.0;56.153659
1.108;37.2367055;0.0;56.1680109
1.109;37.2263246;0.0;56.1466194
1.11;37.2282916;0.0;56.1473159
1.111;37.2057683;0.0;56.1393023
1.112;37.1750661;0.0;56.192811
1.113;37.1762511;0.0;56.1815538
1.114;37.1514182;0.0;56.1447436
1.115;37.1422681;0.0;56.1287995
1.116;37.1285035;0.0;56.0800266
1.117;37.1440277;0.0;56.0925641
1.118;37.2195448;0.0;56.1987328
1.119;37.228462;0.0;56.2000454
1.12;37.220396;0.0;56.1546895
1.121;37.2013528;0.0;56.1474364
1.122;37.1185873;0.0;56.0882796
1.123;37.1014517;0.0;56.0820469
1.124;37.1440197;0.0;56.1650313
1.125;37.1307781;0.0;56.1849189
1.126;37.0894904;0.0;56.1743276
1.127;37.0836851;0.0;56.1722885
1.128;37.0797245;0.0;56.1623796
1.129;37.058622;0.0;56.1376928
1.13;37.0426235;0.0;56.1132734
1.131;37.0272348;0.0;56.0946794
1.132;37.0096703;0.0;56.0810331
1.133;36.9413239;0.0;56.0691952
1.134;36.934101;0.0;56.0486092
1.135;36.9888923;0.0;56.0200451
1.136;36.9904895;0.0;56.0132083
1.137;36.9837082;0.0;56.0175188
1.138;36.962646;0.0;56.002483
1.139;36.9116895;0.0;56.0016452
1.14;36.8781449;0.0;55.9905846
1.141;36.8461764;0.0;55.9494052
1.142;36.8151193;0.0;55.9187131
1.143;36.7821211;0.0;55.8946471
1.144;36.7610973;0.0;55.8751541
1.145;36.7745005;0.0;55.8578281
1.146;36.7337918;0.0;55.8392768
1.147;36.6559887;0.0;55.8115073
1.148;36.6147309;0.0;55.7913385
1.149;36.6056554;0.0;55.7777745
1.15;36.6019036;0.0;55.7639178
1.151;36.5855632;0.0;55.7455499
1.152;36.6121796;0.0;55.7397496
1.153;36.6145538;0.0;55.7203409
1.154;36.585189;0.0;55.6659808
1.155;36.5610557;0.0;55.6593643
1.156;36.5528326;0.0;55.6956178
1.157;36.5376915;0.0;55.6931792
1.158;36.4868396;0.0;55.6959836
1.159;36.4626351;0.0;55.6885407
1.16;36.4796837;0.0;55.6333541
1.161;36.4669964;0.0;55.6162796
1.162;36.4083938;0.0;55.6287227
1.163;36.4031838;0.0;55.6341515
1.164;36.4414882;0.0;55.6653118
1.165;36.4578081;0.0;55.6667165
1.166;36.4352219;0.0;55.6621251
1.167;36.4100221;0.0;55.64032
1.168;36.4104902;0.0;55.6419268
1.169;36.3700496;0.0;55.6330815
1.17;36.3594756;0.0;55.6467752
1.171;36.4202862;0.0;55.7091841
1.172;36.4175111;0.0;55.7055293
1.173;36.3434028;0.0;55.6570498
1.174;36.3370402;0.0;55.6574446
1.175;36.3778408;0.0;55.6540107
1.176;36.3721579;0.0;55.64459
1.177;36.3601811;0.0;55.6671853
1.178;36.3584172;0.0;55.6793165
1.179;36.3307697;0.0;55.6649086
1.18;36.3142047;0.0;55.6572516
1.181;36.3297922;0.0;55.6685443
1.182;36.3191372;0.0;55.6636722
1.183;36.3256775;0.0;55.6675157
1.184;36.3452731;0.0;55.6954361
1.185;36.3431268;0.0;55.7042185
1.186;36.3482143;0.0;55.7343042
1.187;36.3560161;0.0;55.7349175
1.188;36.3414747;0.0;55.6947323
1.189;36.3429777;0.0;55.6955339
1.19;36.3795827;0.0;55.7204239
1.191;36.379937;0.0;55.7182229
1.192;36.3501601;0.0;55.7113354
1.193;36.3403636;0.0;55.7165367
1.194;36.3274016;0.0;55.7148865
1.195;36.3177357;0.0;55.7083803
1.196;36.3244317;0.0;55.7125164
1.197;36.3171411;0.0;55.7167897
1.198;36.2968841;0.0;55.6920641
1.199;36.2860712;0.0;55.6956056
1.2;36.2937604;0.0;55.743619
1.201;36.2544519;0.0;55.7648101
1.202;36.2595847;0.0;55.7747467
1.203;36.2789222;0.0;55.778108
1.204;36.3002363;0.0;55.7947045
1.205;36.3483619;0.0;55.8086904
1.206;36.358177;0.0;55.8008685
1.207;36.3522009;0.0;55.7829903
1.208;36.3527944;0.0;55.7938108
1.209;36.3413445;0.0;55.8053366
1.21;36.3276623;0.0;55.7968401
1.211;36.3036883;0.0;55.8056193
1.212;36.3036917;0.0;55.8087811
1.213;36.3027597;0.0;55.7584434
1.214;36.3107287;0.0;55.7585211
1.215;36.3578596;0.0;55.8192898
1.216;36.3784712;0.0;55.8443383
1.217;36.3904358;0.0;55.8672716
1.218;36.3916713;0.0;55.8838208
1.219;36.3741907;0.0;55.8889538
1.22;36.3629361;0.0;55.8865373
1.221;36.3491698;0.0;55.8781866
1.222;36.3186576;0.0;55.850656
1.223;36.3195596;0.0;55.8724265
1.224;36.3486919;0.0;55.928718
1.225;36.3388825;0.0;55.9208684
1.226;36.3184876;0.0;55.9061884
1.227;36.3145389;0.0;55.9082448
1.228;36.2942898;0.0;55.8598651
1.229;36.2861965;0.0;55.8534964
1.23;36.2967541;0.0;55.9114224
1.231;36.3104473;0.0;55.928744
1.232;36.3214593;0.0;55.903388
1.233;36.3332771;0.0;55.9190229
1.234;36.3665025;0.0;55.9794246
1.235;36.3862848;0.0;55.9951109
1.236;36.4021064;0.0;56.0007666
1.237;36.4021703;0.0;56.0074236
1.238;36.3817969;0.0;55.967928
1.239;36.377196;0.0;55.9611631
1.24;36.3728838;0.0;55.970116
1.241;36.3580828;0.0;56.0101777
1.242;36.348013;0.0;56.0174645
1.243;36.3463494;0.0;56.0219043
1.244;36.3532133;0.0;56.0327101
1.245;36.3614369;0.0;56.0300085
1.246;36.3594426;0.0;56.0429819
1.247;36.3554632;0.0;56.0793154
1.248;36.3781235;0.0;56.0928729
1.249;36.4164175;0.0;56.1010296
1.25;36.4205426;0.0;56.1015618
1.251;36.4415394;0.0;56.0815906
1.252;36.4431318;0.0;56.0826866
1.253;36.3824398;0.0;56.0808915
1.254;36.3661148;0.0;56.0932895
1.255;36.3988274;0.0;56.1395331
1.256;36.3907398;0.0;56.1573638
1.257;36.3385522;0.0;56.1714621
1.258;36.337041;0.0;56.1763938
1.259;36.3684242;0.0;56.1514377
1.26;36.3665792;0.0;56.1434022
1.261;36.3588771;0.0;56.1377947
1.262;36.383378;0.0;56.1361684
1.263;36.408771;0.0;56.1443807
1.264;36.4153831;0.0;56.1709102
1.265;36.4186889;0.0;56.1732162
1.266;36.4698522;0.0;56.1772111
1.267;36.4521713;0.0;56.1650307
1.268;36.3531623;0.0;56.1241705
1.269;36.3241477;0.0;56.1103837
1.27;36.2997365;0.0;56.0950225
1.271;36.2993346;0.0;56.0969522
1.272;36.347867;0.0;56.1196232
1.273;36.3598831;0.0;56.1357281
1.274;36.3691049;0.0;56.1752121
1.275;36.3745915;0.0;56.1801281
1.276;36.3711847;0.0;56.1462285
1.277;36.357871;0.0;56.1527421
1.278;36.3382893;0.0;56.1869466
1.279;36.3189614;0.0;56.1787647
1.28;36.2720753;0.0;56.1531097
1.281;36.2501343;0.0;56.1566217
1.282;36.237898;0.0;56.150183
1.283;36.2389123;0.0;56.1302
1.284;36.2795092;0.0;56.124384
1.285;36.2983144;0.0;56.1383503
1.286;36.2891545;0.0;56.1368916
1.287;36.2628724;0.0;56.1017546
1.288;36.2623447;0.0;56.0909007
1.289;36.2381242;0.0;56.1029793
1.29;36.2314487;0.0;56.1040419
1.291;36.2583539;0.0;56.0925616
1.292;36.268829;0.0;56.0868941
1.293;36.2859738;0.0;56.0980353
1.294;36.260402;0.0;56.0955077
1.295;36.1923833;0.0;56.0730353
1.296;36.1816485;0.0;56.0688603
1.297;36.167877;0.0;56.0741678
1.298;36.1498658;0.0;56.0742207
1.299;36.1825868;0.0;56.0772046
1.3;36.1932282;0.0;56.0827773
1.301;36.156467;0.0;56.0979524
1.302;36.1447375;0.0;56.0947052
1.303;36.1816204;0.0;56.0782659
1.304;36.1802812;0.0;56.0727288
1.305;36.1370917;0.0;56.0618349
1.306;36.1217776;0.0;56.0468342
1.307;36.1180913;0.0;56.0372246
1.308;36.0991632;0.0;56.0301257
1.309;36.0761798;0.0;56.0229602
1.31;36.0627658;0.0;56.0081424
1.311;36.0525878;0.0;55.9967978
1.312;36.0356408;0.0;55.9936281
1.313;35.9964231;0.0;55.9823588
1.314;35.9500403;0.0;55.9657391
1.315;35.9318218;0.0;55.9460516
1.316;35.8992829;0.0;55.928278
1.317;35.8714066;0.0;55.9025498
1.318;35.8877167;0.0;55.8581297
1.319;35.8721748;0.0;55.8342443
1.32;35.8098985;0.0;55.8111988
1.321;35.7867617;0.0;55.8025615
1.322;35.7996891;0.0;55.8369574
1.323;35.7798334;0.0;55.817542
1.324;35.7471418;0.0;55.7639994
1.325;35.7248103;0.0;55.7352604
1.326;35.6923602;0.0;55.6943833
1.327;35.6634162;0.0;55.6514805
1.328;35.6449836;0.0;55.6194605
1.329;35.6238418;0.0;55.5949175
1.33;35.601741;0.0;55.558704
1.331;35.5754405;0.0;55.5269496
1.332;35.5504635;0.0;55.505361
1.333;35.5257316;0.0;55.5003355
1.334;35.4850726;0.0;55.4876596
1.335;35.4261726;0.0;55.467463
1.336;35.3892101;0.0;55.4524118
1.337;35.3519685;0.0;55.4511177
1.338;35.3198858;0.0;55.4301946
1.339;35.2947429;0.0;55.4011228
1.34;35.2823857;0.0;55.369491
1.341;35.2754879;0.0;55.323125
1.342;35.2660285;0.0;55.2954459
1.343;35.2851389;0.0;55.2756359
1.344;35.2652436;0.0;55.2420104
1.345;35.2180968;0.0;55.2084022
1.346;35.1830404;0.0;55.1844256
1.347;35.1232653;0.0;55.1454451
1.348;35.0932887;0.0;55.1265806
1.349;35.0959055;0.0;55.1433465
1.35;35.0713175;0.0;55.1278612
1.351;35.0495419;0.0;55.1056886
1.352;35.0182984;0.0;55.0794363
1.353;34.9393319;0.0;55.0118875
1.354;34.9085306;0.0;54.9866562
1.355;34.9347247;0.0;55.0052762
1.356;34.9108145;0.0;54.9855496
1.357;34.8690668;0.0;54.9654061
1.358;34.8446398;0.0;54.9502142
1.359;34.7983247;0.0;54.9240319
1.36;34.7549469;0.0;54.8680004
1.361;34.7045875;0.0;54.8335119
1.362;34.6922545;0.0;54.8183804
1.363;34.670936;0.0;54.7871734
1.364;34.6305099;0.0;54.7410535
1.365;34.6030968;0.0;54.7001573
1.366;34.6131135;0.0;54.6737351
1.367;34.5795028;0.0;54.6184765
1.368;34.5167881;0.0;54.541249
1.369;34.4676982;0.0;54.4784596
1.37;34.4195774;0.0;54.4113754
1.371;34.3527832;0.0;54.3411838
1.372;34.278641;0.0;54.282107
1.373;34.2028631;0.0;54.2038952
1.374;34.1107078;0.0;54.1062824
1.375;34.02688;0.0;54.0173893
1.376;33.9572603;0.0;53.9332759
1.377;33.8580339;0.0;53.8285718
1.378;33.7359137;0.0;53.7209677
1.379;33.6241836;0.0;53.5965015
1.38;33.5240105;0.0;53.4555235
1.381;33.3808725;0.0;53.2965545
1.382;33.2014492;0.0;53.1236638
1.383;33.0498574;0.0;52.9391004
1.384;32.8948616;0.0;52.7209996
1.385;32.7131873;0.0;52.5148511
1.386;32.5358263;0.0;52.323953
1.387;32.3633508;0.0;52.1061075
1.388;32.1766862;0.0;51.8806831
1.389;31.9627677;0.0;51.6341172
1.39;31.7589888;0.0;51.3864028
1.391;31.5335941;0.0;51.1321582
1.392;31.3006801;0.0;50.8547759
1.393;31.0608108;0.0;50.5736447
1.394;30.8068125;0.0;50.2931344
1.395;30.5553411;0.0;49.9884613
1.396;30.3167403;0.0;49.6902106
1.397;30.0587004;0.0;49.4092921
1.398;29.8031999;0.0;49.1024777
1.399;29.5690306;0.0;48.7637171
1.4;29.3343365;0.0;48.4507657
1.401;29.0726498;0.0;48.1360465
1.402;28.8330403;0.0;47.8309109
1.403;28.6398496;0.0;47.5386961
1.404;28.4071816;0.0;47.2468513
1.405;28.1306484;0.0;46.9548672
1.406;27.9036014;0.0;46.6779399
1.407;27.6905584;0.0;46.4053799
1.408;27.4844162;0.0;46.1495546
1.409;27.3101213;0.0;45.9156794
1.41;27.1252036;0.0;45.6787366
1.411;26.9369379;0.0;45.4442714
1.412;26.755178;0.0;45.227296
1.413;26.5740255;0.0;45.0249671
1.414;26.4106926;0.0;44.8229642
1.415;26.2561287;0.0;44.6323834
1.416;26.1069133;0.0;44.4528147
1.417;25.9720705;0.0;44.2627295
1.418;25.8441924;0.0;44.1034214
1.419;25.7208347;0.0;43.9861946
1.42;25.6126184;0.0;43.8580705
1.421;25.5315535;0.0;43.7414097
1.422;25.4293797;0.0;43.6308944
1.423;25.3616011;0.0;43.5071086
1.424;25.3079862;0.0;43.3883297
1.425;25.2249781;0.0;43.2706796
1.426;25.1361834;0.0;43.1620898
1.427;25.0559594;0.0;43.0750633
1.428;24.9612243;0.0;43.0028708
1.429;24.9017127;0.0;42.9446133
1.43;24.8867645;0.0;42.9173237
1.431;24.8352795;0.0;42.8746938
1.432;24.7666821;0.0;42.8369116
1.433;24.7221408;0.0;42.788529
1.434;24.6786662;0.0;42.7298088
1.435;24.6471134;0.0;42.6898602
1.436;24.6509691;0.0;42.6592205
1.437;24.6152865;0.0;42.6187925
1.438;24.5463881;0.0;42.581457
1.439;24.5175821;0.0;42.5532185
1.44;24.5027634;0.0;42.5196779
1.441;24.465844;0.0;42.4881101
1.442;24.4192069;0.0;42.4594897
1.443;24.4198884;0.0;42.4525022
1.444;24.4361975;0.0;42.4508245
1.445;24.4325519;0.0;42.4511341
1.446;24.4690994;0.0;42.4816119
1.447;24.4838196;0.0;42.4982154
1.448;24.452934;0.0;42.5082201
1.449;24.4373897;0.0;42.5101355
1.45;24.4365381;0.0;42.4966303
1.451;24.4465376;0.0;42.5062841
1.452;24.4622674;0.0;42.528918
1.453;24.4600257;0.0;42.5323241
1.454;24.4475289;0.0;42.5308748
1.455;24.4647402;0.0;42.5496566
1.456;24.5008909;0.0;42.5474786
1.457;24.5017493;0.0;42.5744285
1.458;24.4994945;0.0;42.6564684
1.459;24.5180814;0.0;42.7151226
1.46;24.5126961;0.0;42.7646204
1.461;24.5070643;0.0;42.8178713
1.462;24.5143544;0.0;42.8607034
1.463;24.5530046;0.0;42.9188973
1.464;24.5954362;0.0;42.9899549
1.465;24.6186668;0.0;43.0525066
1.466;24.6733514;0.0;43.1121207
1.467;24.7590173;0.0;43.1738413
1.468;24.8315365;0.0;43.2556454
1.469;24.8818524;0.0;43.3255984
1.47;24.9283523;0.0;43.3589778
1.471;25.0146918;0.0;43.4219754
1.472;25.082756;0.0;43.5074998
1.473;25.1304512;0.0;43.5896358
1.474;25.2004579;0.0;43.6821054
1.475;25.3029247;0.0;43.814017
1.476;25.3614623;0.0;43.935018
1.477;25.3870744;0.0;44.0451233
1.478;25.463359;0.0;44.1537543
1.479;25.5452475;0.0;44.2799478
1.48;25.6221574;0.0;44.3941616
1.481;25.729746;0.0;44.4802269
1.482;25.8217174;0.0;44.5943349
1.483;25.9104825;0.0;44.7453943
1.484;25.9612147;0.0;44.8514058
1.485;25.970724;0.0;44.924942
1.486;26.0585374;0.0;45.036276
1.487;26.1736999;0.0;45.1468797
1.488;26.2324049;0.0;45.2581826
1.489;26.2937939;0.0;45.3983271
1.49;26.4114187;0.0;45.5202842
1.491;26.5325684;0.0;45.6221261
1.492;26.5969042;0.0;45.7302158
1.493;26.6847507;0.0;45.8466653
1.494;26.780791;0.0;45.957799
1.495;26.8145675;0.0;46.0682259
1.496;26.8598468;0.0;46.1643493
1.497;26.967174;0.0;46.2428756
1.498;27.051062;0.0;46.3425627
1.499;27.0630726;0.0;46.4386389
1.5;27.1184518;0.0;46.5429843
1.501;27.2230974;0.0;46.6711683
1.502;27.3189214;0.0;46.7903991
1.503;27.41105;0.0;46.9087733
1.504;27.49752;0.0;47.0157465
1.505;27.5994306;0.0;47.1130506
1.506;27.6863298;0.0;47.2188459
1.507;27.7628568;0.0;47.3354198
1.508;27.8331548;0.0;47.4281392
1.509;27.8910518;0.0;47.4920073
1.51;27.9552128;0.0;47.5921747
1.511;28.0008017;0.0;47.7037306
1.512;28.0670062;0.0;47.7971499
1.513;28.1553388;0.0;47.9072884
1.514;28.2358576;0.0;48.0206549
1.515;28.3397161;0.0;48.1274255
1.516;28.4132222;0.0;48.2130622
1.517;28.4413056;0.0;48.2820351
1.518;28.5098176;0.0;48.3818566
1.519;28.6084605;0.0;48.4924552
1.52;28.6673331;0.0;48.5721092
1.521;28.7495508;0.0;48.6719261
1.522;28.8328851;0.0;48.7867043
1.523;28.875785;0.0;48.8617372
1.524;28.9338291;0.0;48.9310111
1.525;29.0128323;0.0;49.0097338
1.526;29.1021616;0.0;49.1002914
1.527;29.1708565;0.0;49.2121134
1.528;29.2019604;0.0;49.3068538
1.529;29.2662647;0.0;49.3993074
1.53;29.3186023;0.0;49.4733057
1.531;29.3582243;0.0;49.5307054
1.532;29.4733217;0.0;49.6129945
1.533;29.5511008;0.0;49.6820517
1.534;29.5706497;0.0;49.7643537
1.535;29.6133288;0.0;49.8455918
1.536;29.6542381;0.0;49.9122051
1.537;29.7073705;0.0;49.9943863
1.538;29.7574291;0.0;50.1060837
1.539;29.812697;0.0;50.1769578
1.54;29.8825363;0.0;50.2262069
1.541;29.9496508;0.0;50.2935509
1.542;30.0111933;0.0;50.3528035
1.543;30.0755002;0.0;50.4139325
1.544;30.1578514;0.0;50.4856959
1.545;30.213309;0.0;50.5522044
1.546;30.2488433;0.0;50.6046077
1.547;30.2936115;0.0;50.6663845
1.548;30.3353055;0.0;50.7424677
1.549;30.3686615;0.0;50.8134715
1.55;30.3864504;0.0;50.8773671
1.551;30.4453457;0.0;50.9451577
1.552;30.5299976;0.0;51.0243615
1.553;30.5766009;0.0;51.0871307
1.554;30.6320128;0.0;51.1350122
1.555;30.6768353;0.0;51.1959426
1.556;30.6794069;0.0;51.2535997
1.557;30.7158995;0.0;51.3169196
1.558;30.7905963;0.0;51.3925366
1.559;30.8271209;0.0;51.4681845
1.56;30.8317523;0.0;51.5535015
1.561;30.8727883;0.0;51.6094471
1.562;30.9350295;0.0;51.6538438
1.563;30.9677939;0.0;51.6995638
1.564;30.9911549;0.0;51.7178883
1.565;31.0341884;0.0;51.7645884
1.566;31.0727801;0.0;51.8291812
1.567;31.1005695;0.0;51.8856189
1.568;31.1406514;0.0;51.9580941
1.569;31.1911335;0.0;52.0051017
1.57;31.2229679;0.0;52.0244683
1.571;31.262184;0.0;52.0788064
1.572;31.3362697;0.0;52.1581701
1.573;31.3811008;0.0;52.1875559
1.574;31.4053012;0.0;52.195394
1.575;31.4273927;0.0;52.2396074
1.576;31.4462434;0.0;52.2580737
1.577;31.4636975;0.0;52.2987653
1.578;31.4599363;0.0;52.3971469
1.579;31.4728855;0.0;52.4641446
1.58;31.4906346;0.0;52.5047166
1.581;31.5199299;0.0;52.5522388
1.582;31.5766162;0.0;52.6190278
1.583;31.5993008;0.0;52.6613437
1.584;31.5935239;0.0;52.6757358
1.585;31.6277123;0.0;52.7043772
1.586;31.6613991;0.0;52.7361664
1.587;31.7051136;0.0;52.7590825
1.588;31.8063697;0.0;52.7707331
1.589;31.8487948;0.0;52.8012796
1.59;31.8418125;0.0;52.8392397
1.591;31.8728158;0.0;52.8701925
1.592;31.8999845;0.0;52.8965615
1.593;31.9308999;0.0;52.9508855
1.594;31.9904188;0.0;53.0269699
1.595;32.029458;0.0;53.0754832
1.596;32.0706462;0.0;53.1455114
1.597;32.0769419;0.0;53.1877538
1.598;32.0342531;0.0;53.1713495
1.599;32.043044;0.0;53.1980835
1.6;32.0641947;0.0;53.2676728
1.601;32.0630253;0.0;53.2863073
1.602;32.0706608;0.0;53.2602327
1.603;32.1045928;0.0;53.2960739
1.604;32.1345382;0.0;53.3496067
1.605;32.1488596;0.0;53.3782409
1.606;32.1967536;0.0;53.4484587
1.607;32.2264931;0.0;53.4915209
1.608;32.2148908;0.0;53.4781276
1.609;32.2123671;0.0;53.490195
1.61;32.2248624;0.0;53.5363498
1.611;32.2421496;0.0;53.5545938
1.612;32.225698;0.0;53.5219646
1.613;32.2510656;0.0;53.5523024
1.614;32.3455272;0.0;53.6473978
1.615;32.3757624;0.0;53.6664406
1.616;32.3855148;0.0;53.6516701
1.617;32.3975359;0.0;53.6877169
1.618;32.3728404;0.0;53.7108692
1.619;32.3616563;0.0;53.7170449
1.62;32.3476916;0.0;53.7551562
1.621;32.3661318;0.0;53.8064815
1.622;32.4133924;0.0;53.8331268
1.623;32.4291244;0.0;53.8519265
1.624;32.4490582;0.0;53.9215188
1.625;32.4760086;0.0;53.9469986
1.626;32.4813687;0.0;53.896191
1.627;32.4945358;0.0;53.8963329
1.628;32.5394425;0.0;53.9251188
1.629;32.5566861;0.0;53.9448547
1.63;32.5411559;0.0;53.9678945
1.631;32.5470311;0.0;53.9956976
1.632;32.5745476;0.0;54.0367534
1.633;32.5664437;0.0;54.0540766
1.634;32.5094991;0.0;54.0520609
1.635;32.5296006;0.0;54.0764746
1.636;32.5974157;0.0;54.1087747
1.637;32.606559;0.0;54.1246805
1.638;32.6301248;0.0;54.1436636
1.639;32.6582205;0.0;54.1724901
1.64;32.6312799;0.0;54.195924
1.641;32.6345687;0.0;54.2087548
1.642;32.6980083;0.0;54.232269
1.643;32.7192899;0.0;54.2520102
1.644;32.7067824;0.0;54.2467934
1.645;32.6970592;0.0;54.256857
1.646;32.6694326;0.0;54.2838802
1.647;32.6835722;0.0;54.3105732
1.648;32.7364846;0.0;54.3437608
1.649;32.7173105;0.0;54.3525643
1.65;32.6672131;0.0;54.3594004
1.651;32.677133;0.0;54.3647478
1.652;32.6675684;0.0;54.3359529
1.653;32.6533536;0.0;54.3376791
1.654;32.6990105;0.0;54.3623287
1.655;32.7212806;0.0;54.3840824
1.656;32.69093;0.0;54.4194749
1.657;32.683367;0.0;54.4331915
1.658;32.718674;0.0;54.4456043
1.659;32.7282776;0.0;54.4461248
1.66;32.6958869;0.0;54.414255
1.661;32.6970318;0.0;54.416086
1.662;32.7280915;0.0;54.4358735
1.663;32.7422128;0.0;54.4428212
1.664;32.7512538;0.0;54.4452214
1.665;32.7592503;0.0;54.4750235
1.666;32.7811338;0.0;54.5334784
1.667;32.7731024;0.0;54.538014
1.668;32.7380628;0.0;54.5221118
1.669;32.7177357;0.0;54.5427043
1.67;32.6920437;0.0;54.5566352
1.671;32.6595571;0.0;54.5381497
1.672;32.6246089;0.0;54.5400209
1.673;32.6084985;0.0;54.5413714
1.674;32.5791178;0.0;54.4832664
1.675;32.5815369;0.0;54.4703573
1.676;32.6168559;0.0;54.5182846
1.677;32.6459482;0.0;54.5242482
1.678;32.6933916;0.0;54.4884942
1.679;32.7064984;0.0;54.5059356
1.68;32.7199223;0.0;54.560084
1.681;32.708453;0.0;54.5769124
1.682;32.6555065;0.0;54.6050996
1.683;32.6423009;0.0;54.6040119
1.684;32.6400994;0.0;54.5670288
1.685;32.6243622;0.0;54.5493935
1.686;32.6159478;0.0;54.5383211
1.687;32.6028641;0.0;54.5011739
1.688;32.5758767;0.0;54.4341892
1.689;32.5549884;0.0;54.4771323
1.69;32.5499441;0.0;54.4865568
1.691;32.5587328;0.0;54.474562
1.692;32.5127155;0.0;54.4689962
1.693;32.4449699;0.0;54.4588553
1.694;32.4495931;0.0;54.4434322
1.695;32.4749353;0.0;54.448264
1.696;32.4473262;0.0;54.4562427
1.697;32.3895116;0.0;54.3876237
1.698;32.3757897;0.0;54.3631764
1.699;32.3652223;0.0;54.4168363
1.7;32.3368791;0.0;54.4274032
1.701;32.3292375;0.0;54.401459
1.702;32.3390948;0.0;54.404911
1.703;32.35203;0.0;54.4254088
1.704;32.3304206;0.0;54.4182661
1.705;32.3014792;0.0;54.4239508
1.706;32.2996791;0.0;54.4166993
1.707;32.2511745;0.0;54.3373904
1.708;32.2463156;0.0;54.3197709
1.709;32.3552357;0.0;54.3709125
1.71;32.371627;0.0;54.3720302
1.711;32.3114995;0.0;54.3576689
1.712;32.3034597;0.0;54.3688253
1.713;32.2877748;0.0;54.3745476
1.714;32.2672287;0.0;54.3657882
1.715;32.3018084;0.0;54.3985536
1.716;32.2807538;0.0;54.3830271
1.717;32.1737272;0.0;54.2849963
1.718;32.1424442;0.0;54.2488392
1.719;32.1542919;0.0;54.2324289
1.72;32.1260951;0.0;54.2155722
1.721;32.1041713;0.0;54.2324666
1.722;32.0949902;0.0;54.2283697
1.723;32.0532954;0.0;54.2038145
1.724;32.037828;0.0;54.1982435
1.725;32.0760369;0.0;54.2130624
1.726;32.0755281;0.0;54.1943624
1.727;32.0728881;0.0;54.163659
1.728;32.0244716;0.0;54.1407675
1.729;31.9115442;0.0;54.093952
1.73;31.8852778;0.0;54.0667961
1.731;31.8737325;0.0;54.0547137
1.732;31.8441169;0.0;54.0479666
1.733;31.8556887;0.0;54.0524693
1.734;31.8737263;0.0;54.0360411
1.735;31.8735499;0.0;54.0307039
1.736;31.8528923;0.0;53.9989773
1.737;31.8738175;0.0;53.9238369
1.738;31.852164;0.0;53.8934124
1.739;31.7533596;0.0;53.8839774
1.74;31.7100787;0.0;53.8462491
1.741;31.6930313;0.0;53.7981146
1.742;31.6927682;0.0;53.8000284
1.743;31.7111095;0.0;53.8159124
1.744;31.6788138;0.0;53.7934453
1.745;31.6518757;0.0;53.7938684
1.746;31.6454939;0.0;53.8051594
1.747;31.5680814;0.0;53.7581689
1.748;31.6040916;0.0;53.7393301
1.749;31.6089012;0.0;53.7273638
1.75;31.5810857;0.0;53.6714553
1.751;31.5591623;0.0;53.6265454
1.752;31.5166805;0.0;53.6012854
1.753;31.5034447;0.0;53.5970176
1.754;31.5600789;0.0;53.627058
1.755;31.5251;0.0;53.6030766
1.756;31.4019429;0.0;53.5494194
1.757;31.3642447;0.0;53.5350449
1.758;31.3047588;0.0;53.4957605
1.759;31.2696844;0.0;53.4664299
1.76;31.3621383;0.0;53.5332529
1.761;31.3640709;0.0;53.4985119
1.762;31.2833203;0.0;53.327664
1.763;31.2385248;0.0;53.2810048
1.764;31.1620002;0.0;53.2794431
1.765;31.1475227;0.0;53.2451815
1.766;31.2233513;0.0;53.2654363
1.767;31.1882459;0.0;53.2666178
1.768;31.1304293;0.0;53.2197825
1.769;31.0651567;0.0;53.1851895
1.77;30.8621733;0.0;53.1799536
1.771;30.831257;0.0;53.1674824
1.772;30.9337895;0.0;53.1092217
1.773;30.9425346;0.0;53.1126017
1.774;30.9936312;0.0;53.1846618
1.775;30.987487;0.0;53.1928566
1.776;30.8919462;0.0;53.2052671
1.777;30.8702098;0.0;53.170411
1.778;30.8626755;0.0;53.0619995
1.779;30.8974491;0.0;53.048706
1.78;31.0049805;0.0;53.0653659
1.781;30.9657954;0.0;53.0398577
1.782;30.8927424;0.0;53.0408535
1.783;30.8387899;0.0;53.0381459
1.784;30.6740979;0.0;52.9792555
1.785;30.7584449;0.0;53.1012439
1.786;30.7750315;0.0;53.1294003
1.787;30.757649;0.0;53.0928824
1.788;30.7637353;0.0;53.0763295
1.789;30.7453718;0.0;52.9537479
1.79;30.7450102;0.0;52.9430738
1.791;30.7959647;0.0;53.0862252
1.792;30.8135119;0.0;53.1176892
1.793;30.8213824;0.0;53.1417089
1.794;30.8083429;0.0;53.1553322
1.795;30.7487097;0.0;53.0647247
1.796;30.7316093;0.0;53.0397537
1.797;30.7372316;0.0;53.0929411
1.798;30.7118852;0.0;53.0859478
1.799;30.6956334;0.0;53.0506012
1.8;30.6725528;0.0;53.0254606
1.801;30.5471927;0.0;52.9929686
1.802;30.323166;0.0;52.9537884
1.803;30.2290301;0.0;52.992834
1.804;30.2045119;0.0;52.9358101
1.805;30.2420062;0.0;52.7993147
1.806;30.2485622;0.0;52.7914313
1.807;30.3159458;0.0;52.8029328
1.808;30.4167846;0.0;52.7825554
1.809;30.291834;0.0;52.804335
1.81;30.1988231;0.0;52.9476197
1.811;30.2944484;0.0;53.0667295
1.812;30.1972033;0.0;53.0195211
1.813;30.204623;0.0;53.0405744
1.814;30.340249;0.0;53.12092
1.815;30.4178877;0.0;53.1571415
1.816;30.4608485;0.0;53.1582588
1.817;30.5484233;0.0;53.1696295
1.818;30.5612116;0.0;53.146649
1.819;30.4637285;0.0;53.0646212
1.82;30.3387293;0.0;52.8789476
1.821;30.2473553;0.0;52.7966703
1.822;30.2246616;0.0;52.7933608
1.823;30.3724729;0.0;52.9274161
1.824;30.3830942;0.0;52.9297486
1.825;30.298122;0.0;52.9254412
1.826;30.2809529;0.0;52.9399656
1.827;30.2743206;0.0;52.9182596
1.828;30.2251036;0.0;52.8516277
1.829;30.1687602;0.0;52.8413057
1.83;30.2414629;0.0;52.9477863
1.831;30.2779014;0.0;52.9440377
1.832;30.2774577;0.0;52.8391741
1.833;30.2911211;0.0;52.8074478
1.834;30.4167693;0.0;52.7783592
1.835;30.4194229;0.0;52.7501069
1.836;30.3108991;0.0;52.7233138
1.837;30.2529605;0.0;52.7447891
1.838;30.2328954;0.0;52.7779192
1.839;30.1586226;0.0;52.7585326
1.84;30.1339553;0.0;52.7342942
1.841;30.1899299;0.0;52.7055451
1.842;30.1803246;0.0;52.6906277
1.843;30.1799131;0.0;52.6612139
1.844;30.1166067;0.0;52.6075758
1.845;29.9835009;0.0;52.5858477
1.846;29.8911608;0.0;52.4854041
1.847;29.8047237;0.0;52.2918059
1.848;29.7258374;0.0;52.2789876
1.849;29.6499417;0.0;52.2071302
1.85;29.6282159;0.0;52.1576978
1.851;29.5656808;0.0;52.0469694
1.852;29.5607409;0.0;51.92121
1.853;29.4015521;0.0;51.7751339
1.854;29.1481272;0.0;51.5814551
1.855;28.8811402;0.0;51.3786041
1.856;28.6285117;0.0;51.249148
1.857;28.3750946;0.0;51.1559624
1.858;28.244706;0.0;51.0164778
1.859;28.3400817;0.0;50.9121126
1.86;28.2408062;0.0;50.7579705
1.861;28.0866121;0.0;50.5344157
1.862;27.9576251;0.0;50.3247581
1.863;27.7839169;0.0;50.1408638
1.864;27.5904817;0.0;49.8935969
1.865;27.4013512;0.0;49.6103541
1.866;27.2421852;0.0;49.3061556
1.867;27.0033133;0.0;48.9688239
1.868;26.6948556;0.0;48.6056751
1.869;26.4153689;0.0;48.1889474
1.87;26.1296078;0.0;47.6896101
1.871;25.791976;0.0;47.2398219
1.872;25.4119188;0.0;46.8353535
1.873;25.0584169;0.0;46.2989001
1.874;24.7316876;0.0;45.6749841
1.875;24.3244718;0.0;45.1417098
1.876;23.9324112;0.0;44.5227085
1.877;23.4706437;0.0;43.8261143
1.878;23.0205025;0.0;43.2082526
1.879;22.5116323;0.0;42.675355
1.88;22.0171182;0.0;42.0732973
1.881;21.4444054;0.0;41.4329944
1.882;21.0081837;0.0;40.7873252
1.883;20.6549742;0.0;40.1240507
1.884;20.2475327;0.0;39.4322626
1.885;19.8878725;0.0;38.6258122
1.886;19.5706713;0.0;37.9349686
1.887;19.1910042;0.0;37.270063
1.888;18.7107147;0.0;36.6727249
1.889;18.2505368;0.0;35.926303
1.89;17.8503703;0.0;35.1652358
1.891;17.3608904;0.0;34.390027
1.892;16.6117727;0.0;33.3612063
1.893;16.1531208;0.0;32.5876042
1.894;15.8640135;0.0;32.0098286
1.895;15.5153929;0.0;31.4080771
1.896;15.2166894;0.0;30.7892346
1.897;15.1561944;0.0;30.2606246
1.898;14.8507459;0.0;29.66682
1.899;14.4111116;0.0;29.0062525
1.9;14.0300506;0.0;28.4061989
1.901;13.5206763;0.0;27.7998476
1.902;13.2010758;0.0;27.2938392
1.903;13.0318318;0.0;26.8467061
1.904;12.7475057;0.0;26.4315578
1.905;12.4883718;0.0;26.1943218
1.906;12.3032607;0.0;25.8511066
1.907;12.0806365;0.0;25.5503608
1.908;11.6912683;0.0;25.2667792
1.909;11.5829395;0.0;25.0024457
1.91;11.7645397;0.0;24.7163206
1.911;11.6936997;0.0;24.5221604
1.912;11.6084832;0.0;24.4787549
1.913;11.5414421;0.0;24.2724982
1.914;11.3359085;0.0;23.997169
1.915;11.1579795;0.0;23.7892497
1.916;11.1246397;0.0;23.6006004
1.917;11.2835978;0.0;23.2973692
1.918;11.3171894;0.0;23.1646216
1.919;11.4023486;0.0;23.193547
1.92;11.3794025;0.0;23.1722656
1.921;11.243371;0.0;23.2100344
1.922;11.214165;0.0;23.1751217
1.923;11.1955649;0.0;23.1614843
1.924;11.1256534;0.0;23.1151708
1.925;10.9965161;0.0;22.9866085
1.926;11.0036991;0.0;22.8472644
1.927;11.101894;0.0;22.8250581
1.928;11.2502351;0.0;22.8526272
1.929;11.3401543;0.0;22.8724505
1.93;11.6136057;0.0;22.9226536
1.931;11.6964574;0.0;23.0429771
1.932;11.5817825;0.0;23.2794262
1.933;11.5421778;0.0;23.3810396
1.934;11.4628691;0.0;23.4738528
1.935;11.4691289;0.0;23.5789476
1.936;11.5402185;0.0;23.6293479
1.937;11.5713743;0.0;23.6116641
1.938;11.5230348;0.0;23.6415225
1.939;11.4221195;0.0;23.7152807
1.94;11.4904285;0.0;23.8121083
1.941;11.5532975;0.0;23.8963277
1.942;11.5931234;0.0;23.9757705
1.943;11.8482794;0.0;24.086037
1.944;11.9364758;0.0;24.2251132
1.945;11.8374179;0.0;24.3725499
1.946;11.7901286;0.0;24.4913121
1.947;11.7502157;0.0;24.6835279
1.948;11.7300809;0.0;24.8057295
1.949;11.6524583;0.0;24.9185262
1.95;11.4245431;0.0;24.9439892
1.951;11.4648343;0.0;25.0496164
1.952;11.68465;0.0;25.1593105
1.953;11.7197442;0.0;25.3147253
1.954;11.7852061;0.0;25.5076203
1.955;11.8770595;0.0;25.6996752
1.956;11.8367733;0.0;26.0172767
1.957;11.8759798;0.0;26.1966337
1.958;12.1031488;0.0;26.3201649
1.959;12.1791552;0.0;26.345241
1.96;12.366122;0.0;26.5139012
1.961;12.5540681;0.0;26.6463661
1.962;12.7272577;0.0;26.8410457
1.963;12.9994372;0.0;27.2103607
1.964;13.1665684;0.0;27.4255149
1.965;13.2377025;0.0;27.498013
1.966;13.3273921;0.0;27.6955379
1.967;13.3772093;0.0;27.936442
1.968;13.4691975;0.0;28.1629889
1.969;13.5785682;0.0;28.5234912
1.97;13.6822499;0.0;28.7540576
1.971;13.7415124;0.0;28.902849
1.972;13.7777783;0.0;28.9253444
1.973;13.875717;0.0;29.0529908
1.974;13.9485233;0.0;29.0682285
1.975;14.0506981;0.0;29.2549736
1.976;14.2965697;0.0;29.717719
1.977;14.3905699;0.0;29.8892955
1.978;14.3419559;0.0;29.8797895
1.979;14.3872965;0.0;30.0336391
1.98;14.4027933;0.0;30.1213845
1.981;14.4537525;0.0;30.2285303
1.982;14.5379042;0.0;30.3892106
1.983;14.7258542;0.0;30.7316173
1.984;14.7981982;0.0;30.958724
1.985;14.748406;0.0;31.081726
1.986;14.9022004;0.0;31.3006414
1.987;15.2313599;0.0;31.6914986
1.988;15.334013;0.0;31.8708087
1.989;15.4305515;0.0;31.8192529
1.99;15.5294204;0.0;32.0060508
1.991;15.4655089;0.0;32.3016996
1.992;15.424563;0.0;32.4762839
1.993;15.401009;0.0;32.6578412
1.994;15.4126762;0.0;33.0118753
1.995;15.5693969;0.0;33.1617809
1.996;15.7819677;0.0;33.0588494
1.997;15.9109927;0.0;33.1623469
1.998;16.2198776;0.0;33.3413396
1.999;16.3649286;0.0;33.5054011
2;16.2491807;0.0;33.711854
2.001;16.311897;0.0;33.8884825
2.002;16.4464808;0.0;34.0441857
2.003;16.6005073;0.0;34.2333725
2.004;16.8933569;0.0;34.4445873
2.005;17.0494249;0.0;34.6394406
2.006;17.1611138;0.0;34.8378946
2.007;17.2477297;0.0;35.0572634
2.008;17.3293713;0.0;35.2724986
2.009;17.3185253;0.0;35.4700306
2.01;17.3467058;0.0;35.6785063
2.011;17.3771629;0.0;35.9486432
2.012;17.4534754;0.0;36.1308136
2.013;17.523473;0.0;36.235241
2.014;17.5972194;0.0;36.3905368
2.015;17.7581759;0.0;36.5949761
2.016;17.8755718;0.0;36.6913954
2.017;17.9721341;0.0;36.7474932
2.018;18.0373183;0.0;36.7667691
2.019;18.0677661;0.0;36.8642091
2.02;18.0273028;0.0;36.8980459
2.021;18.1106378;0.0;36.9910303
2.022;18.1983904;0.0;37.1822912
2.023;18.3124642;0.0;37.3505614
2.024;18.5644148;0.0;37.4767619
2.025;18.7105141;0.0;37.6424071
2.026;18.7864956;0.0;37.93109
2.027;18.8925187;0.0;38.1201069
2.028;19.0725589;0.0;38.206932
2.029;19.1301091;0.0;38.3569609
2.03;19.1300038;0.0;38.5150447
2.031;19.0008764;0.0;38.661321
2.032;19.0961651;0.0;38.8189932
2.033;19.275195;0.0;39.0279003
2.034;19.2842074;0.0;39.1941156
2.035;19.3558825;0.0;39.3090647
2.036;19.3937547;0.0;39.4678757
2.037;19.1790716;0.0;39.7727897
2.038;19.1518796;0.0;39.8306462
2.039;19.3564478;0.0;39.6316426
2.04;19.4330675;0.0;39.6683083
2.041;19.3788561;0.0;39.6593551
2.042;19.4602435;0.0;39.6974166
2.043;19.5862307;0.0;39.8179807
2.044;19.7850064;0.0;40.2277767
2.045;19.8261543;0.0;40.3349301
2.046;19.8820514;0.0;40.3023679
2.047;19.9090052;0.0;40.3139113
2.048;19.7612623;0.0;40.184132
2.049;19.7646106;0.0;40.252274
2.05;19.8787133;0.0;40.4522631
2.051;19.9694605;0.0;40.5581755
2.052;20.0730734;0.0;40.6522913
2.053;20.1590842;0.0;40.8587964
2.054;20.3054015;0.0;41.2477645
2.055;20.3844098;0.0;41.3548362
2.056;20.4046402;0.0;41.3202137
2.057;20.3845442;0.0;41.4147193
2.058;20.4818075;0.0;41.4780168
2.059;20.6738444;0.0;41.2917124
2.06;20.6898141;0.0;41.3153339
2.061;20.5993693;0.0;41.5770568
2.062;20.7526414;0.0;41.7174759
2.063;21.0065507;0.0;41.7583179
2.064;21.0472278;0.0;41.8639682
2.065;21.144652;0.0;42.0738293
2.066;21.2382803;0.0;42.2068739
2.067;21.1275246;0.0;42.2709421
2.068;21.0701366;0.0;42.3752586
2.069;21.0483698;0.0;42.4669054
2.07;21.1847538;0.0;42.6075639
2.071;21.3065151;0.0;42.6985945
2.072;21.3965902;0.0;42.7922654
2.073;21.3877764;0.0;42.8695696
2.074;21.4567165;0.0;42.8854759
2.075;21.4793205;0.0;42.9714465
2.076;21.1937568;0.0;43.1622162
2.077;21.2739479;0.0;43.209963
2.078;21.7239589;0.0;43.0969155
2.079;21.8837733;0.0;43.198328
2.08;22.0343454;0.0;43.3470221
2.081;22.1699832;0.0;43.4810989
2.082;22.0630896;0.0;43.8503762
2.083;22.1360803;0.0;44.0639801
2.084;22.4949945;0.0;44.2150179
2.085;22.6477148;0.0;44.1678508
2.086;22.6421193;0.0;44.2440082
2.087;22.4953833;0.0;44.3152504
2.088;22.5536906;0.0;44.3724702
2.089;22.4924124;0.0;44.3757921
2.09;22.5155099;0.0;44.518529
2.091;22.8798059;0.0;44.7894017
2.092;22.8798752;0.0;44.8954825
2.093;22.5718296;0.0;44.9971866
2.094;22.4351335;0.0;45.1156984
2.095;22.0824023;0.0;45.1607991
2.096;22.0550281;0.0;45.1678282
2.097;22.3074713;0.0;45.1491355
2.098;22.4854072;0.0;45.21085
2.099;22.8491065;0.0;45.2970723
2.1;23.2236091;0.0;45.2515194
2.101;23.3596164;0.0;45.2917112
2.102;23.3205455;0.0;45.4418773
2.103;23.3426101;0.0;45.5838314
2.104;23.2055189;0.0;45.8133222
2.105;23.2335962;0.0;45.7443112
2.106;23.3947391;0.0;45.4001619
2.107;23.4135418;0.0;45.4972511
2.108;23.3385065;0.0;45.6403735
2.109;23.4140136;0.0;45.7012805
2.11;23.6807377;0.0;46.1359444
2.111;23.6251137;0.0;46.3482728
2.112;23.1856667;0.0;46.140813
2.113;23.264073;0.0;46.177279
2.114;23.6407478;0.0;46.4035071
2.115;23.6583353;0.0;46.6876724
2.116;23.6410938;0.0;46.7456883
2.117;23.9750688;0.0;46.6546598
2.118;24.0373664;0.0;46.757142
2.119;23.5570344;0.0;46.8435344
2.12;23.4650365;0.0;46.8960454
2.121;23.6962041;0.0;47.1048321
2.122;23.8182425;0.0;47.1814598
2.123;23.7961722;0.0;47.066032
2.124;23.903941;0.0;47.0591963
2.125;24.331137;0.0;47.0989761
2.126;24.4365506;0.0;47.1210032
2.127;24.2753528;0.0;47.0446929
2.128;24.2750662;0.0;47.1433484
2.129;24.2298928;0.0;47.3774554
2.13;24.2192741;0.0;47.6179085
2.131;24.258512;0.0;47.8895113
2.132;24.3265179;0.0;48.0725128
2.133;24.3835432;0.0;48.0811345
2.134;24.3990502;0.0;47.8328881
2.135;24.4891192;0.0;47.8406396
2.136;24.6951726;0.0;47.8250142
2.137;24.7177315;0.0;47.8783101
2.138;24.63393;0.0;48.0957338
2.139;24.6303591;0.0;48.1809503
2.14;24.5922199;0.0;48.2812371
2.141;24.5637516;0.0;48.2646898
2.142;24.5320126;0.0;48.1643388
2.143;24.5884259;0.0;48.0509505
2.144;24.66174;0.0;47.6637914
2.145;24.7252436;0.0;47.5865853
2.146;24.7950435;0.0;47.6337678
2.147;25.0997014;0.0;47.8027532
2.148;25.3050858;0.0;47.9926823
2.149;25.1472648;0.0;48.1174001
2.15;25.0384236;0.0;48.3068559
2.151;24.8025139;0.0;48.4807301
2.152;24.7604089;0.0;48.5061688
2.153;24.7016403;0.0;48.5829293
2.154;24.6954917;0.0;48.5657802
2.155;24.8732115;0.0;48.2273112
2.156;24.9064328;0.0;48.2055763
2.157;24.7910235;0.0;48.3476389
2.158;24.8485733;0.0;48.4710833
2.159;25.1547016;0.0;48.8144146
2.16;25.0841723;0.0;48.8653658
2.161;24.7234734;0.0;48.8037213
2.162;24.6495313;0.0;48.7460508
2.163;24.3747245;0.0;48.3859581
2.164;24.3891527;0.0;48.2549058
2.165;24.9969884;0.0;48.2915119
2.166;25.2493625;0.0;48.2938619
2.167;25.3807119;0.0;48.3033688
2.168;25.1560344;0.0;48.3876278
2.169;25.0604684;0.0;48.4399167
2.17;24.7632154;0.0;48.5064936
2.171;24.6522536;0.0;48.4839407
2.172;24.6195267;0.0;48.3660568
2.173;24.676626;0.0;48.4581801
2.174;24.7834572;0.0;48.6585906
2.175;24.8368373;0.0;48.6569305
2.176;25.08826;0.0;48.7208402
2.177;25.041522;0.0;48.7270674
2.178;24.6594342;0.0;48.4465041
2.179;24.6048796;0.0;48.3675846
2.18;24.6385851;0.0;48.4455805
2.181;24.5766383;0.0;48.4984391
2.182;24.6154624;0.0;48.6754175
2.183;24.6750104;0.0;48.6981145
2.184;24.5657266;0.0;48.6972374
2.185;24.5728069;0.0;48.5724935
2.186;25.050389;0.0;48.5192939
2.187;25.141398;0.0;48.4147066
2.188;24.9324099;0.0;48.5786508
2.189;24.9566327;0.0;48.8566304
2.19;24.870615;0.0;48.9775895
2.191;24.5652286;0.0;49.1065401
2.192;24.5019254;0.0;49.171498
2.193;24.6246698;0.0;49.1917384
2.194;24.5851142;0.0;49.0660364
2.195;24.4719194;0.0;48.6988528
2.196;24.4351382;0.0;48.6349976
2.197;24.3297986;0.0;48.5789561
2.198;24.4189389;0.0;48.5527716
2.199;24.7142947;0.0;48.7900644
2.2;24.8933005;0.0;48.9217824
2.201;25.1267684;0.0;48.8856818
2.202;25.322121;0.0;49.0089732
2.203;25.560451;0.0;49.3179672
2.204;25.6232911;0.0;49.5184705
2.205;25.4386064;0.0;49.7419908
2.206;25.5195597;0.0;49.9281213
2.207;25.7479308;0.0;49.9017351
2.208;25.800261;0.0;49.7595514
2.209;25.6738497;0.0;49.4513662
2.21;25.5554588;0.0;49.1633828
2.211;25.5215716;0.0;49.0273932
2.212;25.1882797;0.0;48.9652305
2.213;25.057073;0.0;48.8891437
2.214;25.339732;0.0;48.895134
2.215;25.1716515;0.0;48.8830563
2.216;24.496096;0.0;48.8301856
2.217;24.4757429;0.0;48.9199936
2.218;24.8933089;0.0;49.2254463
2.219;24.7766599;0.0;49.2962465
2.22;24.5779317;0.0;49.2928527
2.221;24.5820959;0.0;49.3097328
2.222;24.3070402;0.0;49.3127813
2.223;24.2152874;0.0;49.1159558
2.224;24.4838624;0.0;48.6663992
2.225;24.6556993;0.0;48.5250091
2.226;24.6825673;0.0;48.3047448
2.227;24.7923581;0.0;48.2276594
2.228;25.095151;0.0;48.403928
2.229;25.3765719;0.0;48.7938831
2.23;25.829954;0.0;48.9146317
2.231;25.6378257;0.0;48.9772788
2.232;25.3199988;0.0;48.9230869
2.233;25.4180726;0.0;48.8727484
2.234;25.2817933;0.0;49.042955
2.235;25.0471719;0.0;48.9838399
2.236;24.7774216;0.0;48.9028488
2.237;24.5268855;0.0;48.9248488
2.238;24.3052504;0.0;48.7174712
2.239;23.8579128;0.0;48.0369512
2.24;23.8334288;0.0;48.1021652
2.241;24.1423129;0.0;48.6300721
2.242;24.2596315;0.0;48.6651806
2.243;24.6297682;0.0;48.9141805
2.244;24.6524354;0.0;48.9270652
2.245;24.1185157;0.0;48.3278311
2.246;24.3053558;0.0;48.1925026
2.247;24.7738963;0.0;48.2945165
2.248;25.1202591;0.0;48.42634
2.249;26.2518619;0.0;48.9094865
2.25;26.5299562;0.0;48.9543193
2.251;25.9253217;0.0;48.7400372
2.252;25.8095223;0.0;48.694697
2.253;25.7344437;0.0;48.550295
2.254;25.4684222;0.0;48.2736943
2.255;25.2458434;0.0;48.0389258
2.256;25.081194;0.0;47.8126976
2.257;24.6704935;0.0;47.533332
2.258;24.491921;0.0;47.3366312
2.259;24.5196763;0.0;47.412973
2.26;24.4086758;0.0;47.4011307
2.261;24.5575981;0.0;47.2377295
2.262;24.3272962;0.0;47.0381773
2.263;24.2434328;0.0;47.1404641
2.264;24.4605009;0.0;47.564355
2.265;24.1631784;0.0;47.6398383
2.266;23.3300544;0.0;47.6868389
2.267;23.2798512;0.0;47.7845031
2.268;23.4762336;0.0;47.7858785
2.269;23.380615;0.0;47.7251545
2.27;23.5342265;0.0;47.7418877
2.271;23.5566899;0.0;47.6894509
2.272;23.0313988;0.0;47.3441515
2.273;23.2196342;0.0;47.2654451
2.274;24.2700422;0.0;47.448231
2.275;24.5053989;0.0;47.4976186
2.276;24.6132669;0.0;47.473845
2.277;24.5780591;0.0;47.5033345
2.278;23.9633342;0.0;47.7575118
2.279;23.6619495;0.0;47.6692984
2.28;23.341659;0.0;47.2455041
2.281;23.1957222;0.0;47.0636429
2.282;23.2948069;0.0;46.8239985
2.283;23.1950347;0.0;46.6199456
2.284;22.9915972;0.0;46.5466092
2.285;23.0671086;0.0;46.5472752
2.286;23.0379932;0.0;46.5939912
2.287;23.3773589;0.0;46.4346028
2.288;23.8255216;0.0;46.4621043
2.289;24.2785593;0.0;46.9707722
2.29;24.3566974;0.0;47.5023012
2.291;23.9726776;0.0;47.4083581
2.292;23.1959767;0.0;47.084962
2.293;22.5207617;0.0;46.7328545
2.294;22.3706642;0.0;46.0467173
2.295;21.8660741;0.0;45.5579925
2.296;21.3502857;0.0;45.5692708
2.297;21.6481528;0.0;45.7772579
2.298;21.6458671;0.0;45.7720605
2.299;21.2982615;0.0;45.8935675
2.3;21.5137754;0.0;45.9150937
2.301;22.2106378;0.0;45.6985302
2.302;22.5524622;0.0;45.7884838
2.303;22.961735;0.0;46.1504325
2.304;23.2350551;0.0;46.1564052
2.305;23.7168794;0.0;46.0782353
2.306;23.6454217;0.0;46.0685415
2.307;22.8187453;0.0;45.9290622
2.308;22.7897933;0.0;45.8321214
2.309;22.9569197;0.0;45.7569238
2.31;22.6632004;0.0;45.689208
2.311;22.5297901;0.0;45.6070817
2.312;22.7026457;0.0;45.6048714
2.313;22.6690527;0.0;45.7904352
2.314;22.4942431;0.0;45.7853241
2.315;22.650259;0.0;45.6282681
2.316;22.7663088;0.0;45.4877716
2.317;22.3549624;0.0;45.2668112
2.318;22.3376709;0.0;45.1154761
2.319;22.9776348;0.0;44.7881358
2.32;23.2074911;0.0;44.8137565
2.321;23.6404218;0.0;45.4856559
2.322;23.254812;0.0;45.48448
2.323;21.7234221;0.0;45.050256
2.324;21.3323481;0.0;45.0371634
2.325;21.0105107;0.0;44.9402464
2.326;20.6331964;0.0;44.6402623
2.327;20.9995144;0.0;44.6998722
2.328;21.3985247;0.0;44.6074001
2.329;21.7311804;0.0;44.0078086
2.33;21.8385769;0.0;43.5419578
2.331;22.0838887;0.0;43.4452099
2.332;21.819305;0.0;43.3935467
2.333;20.8592835;0.0;43.8506061
2.334;20.6595557;0.0;44.4880268
2.335;21.3807195;0.0;44.674233
2.336;21.7949669;0.0;44.3332887
2.337;22.6978807;0.0;43.9049099
2.338;23.1851758;0.0;43.33589
2.339;22.6182915;0.0;42.8970051
2.34;22.5619678;0.0;43.1495543
2.341;22.3459309;0.0;43.0692623
2.342;21.9334831;0.0;42.3894413
2.343;22.1353179;0.0;42.5425684
2.344;22.1335171;0.0;43.1331588
2.345;21.3810053;0.0;43.6517326
2.346;20.920258;0.0;44.2796586
2.347;21.0258925;0.0;44.1963033
2.348;20.880223;0.0;43.8689214
2.349;20.7730431;0.0;43.5729231
2.35;20.3978522;0.0;43.545487
2.351;19.6578548;0.0;43.762705
2.352;19.7503388;0.0;44.0091316
2.353;19.8438598;0.0;43.984547
2.354;20.8464248;0.0;43.834769
2.355;20.5923209;0.0;43.4955043
2.356;19.3848701;0.0;42.6720271
2.357;19.5043844;0.0;42.4993365
2.358;19.7872751;0.0;42.621293
2.359;20.1017967;0.0;42.7897113
2.36;21.3920086;0.0;43.6481368
2.361;21.9478007;0.0;43.4882824
2.362;22.108254;0.0;42.4601674
2.363;21.8327557;0.0;42.2684144
2.364;21.415108;0.0;42.1091963
2.365;21.0094186;0.0;41.8110236
2.366;19.6490477;0.0;41.7934628
2.367;19.1387904;0.0;42.0809783
2.368;19.1377951;0.0;42.0955487
2.369;19.4914066;0.0;42.5407323
2.37;20.732434;0.0;44.3866566
2.371;20.6565117;0.0;44.4762956
2.372;19.8298852;0.0;43.2852857
2.373;19.9711474;0.0;43.0187881
2.374;19.6843849;0.0;42.3289475
2.375;19.7676985;0.0;42.0787799
2.376;21.5790276;0.0;42.8978246
2.377;22.0164861;0.0;42.6036805
2.378;21.1884172;0.0;41.2554736
2.379;20.8688586;0.0;41.1317155
2.38;20.5538816;0.0;41.171765
2.381;20.0321546;0.0;41.2891294
2.382;19.1622453;0.0;42.558489
2.383;19.0570545;0.0;42.8293376
2.384;19.2593468;0.0;42.4536496
2.385;19.1150168;0.0;42.27807
2.386;19.1792277;0.0;41.6338158
2.387;19.3398026;0.0;41.3133786
2.388;19.219447;0.0;41.2185256
2.389;19.6163098;0.0;41.1209356
2.39;21.1505763;0.0;41.3283659
2.391;21.0425597;0.0;41.2335871
2.392;19.5742255;0.0;40.8035605
2.393;19.6095556;0.0;40.5855363
2.394;19.6687724;0.0;40.1642398
2.395;19.8482883;0.0;40.14122
2.396;21.4437732;0.0;40.9214434
2.397;21.7398459;0.0;40.7665554
2.398;21.0166642;0.0;39.8673812
2.399;20.3723858;0.0;39.8519586
2.4;19.7165446;0.0;40.2539957
2.401;18.6994918;0.0;39.6095013
2.402;16.6199697;0.0;38.7353621
2.403;15.8371015;0.0;38.6855503
2.404;15.5247028;0.0;38.4285134
2.405;15.3441755;0.0;37.8084472
2.406;15.7377419;0.0;37.3126722
2.407;16.6824935;0.0;37.5259672
2.408;18.3739711;0.0;37.8148695
2.409;18.67332;0.0;37.3365985
2.41;19.283202;0.0;37.4182507
2.411;19.560892;0.0;37.7902181
2.412;18.2702094;0.0;37.001927
2.413;17.5898867;0.0;36.7771349
2.414;17.4349989;0.0;38.2779295
2.415;17.045836;0.0;38.6501016
2.416;16.121654;0.0;37.9028629
2.417;15.8631008;0.0;37.2713824
2.418;16.5933334;0.0;36.1300527
2.419;15.9090974;0.0;35.6745209
2.42;13.3117997;0.0;35.2725923
2.421;13.9210807;0.0;35.4097683
2.422;16.5756422;0.0;36.8019262
2.423;17.2174801;0.0;37.2166733
2.424;19.4325381;0.0;37.4598831
2.425;19.811386;0.0;36.9366067
2.426;16.2185359;0.0;35.2786591
2.427;15.8859727;0.0;35.1373874
2.428;18.0824577;0.0;34.9862664
2.429;18.0814;0.0;35.1515941
2.43;17.7996955;0.0;36.6427565
2.431;18.6540577;0.0;37.1656956
2.432;19.3888224;0.0;37.8269788
2.433;18.4569452;0.0;37.6539798
2.434;17.3316077;0.0;36.3886577
2.435;17.0987767;0.0;35.9490506
2.436;15.5235868;0.0;34.8223458
2.437;14.3768469;0.0;34.5106188
2.438;15.1312859;0.0;35.9507988
2.439;15.0929335;0.0;35.4959024
2.44;12.4268599;0.0;33.7827481
2.441;13.0945543;0.0;33.6793116
2.442;17.4032894;0.0;33.4991536
2.443;18.4188915;0.0;33.4949372
2.444;19.7837049;0.0;35.0202061
2.445;18.7018969;0.0;35.0248087
2.446;13.5064117;0.0;33.1328658
2.447;11.5801084;0.0;34.559752
2.448;11.3281509;0.0;35.6160544
2.449;11.2779621;0.0;34.6797692
2.45;12.6386049;0.0;34.7766022
2.451;13.3229955;0.0;34.0394624
2.452;13.5625354;0.0;32.3272895
2.453;13.4667263;0.0;32.8638385
2.454;12.8200342;0.0;33.8856154
2.455;14.9578034;0.0;34.5463042
2.456;16.7632703;0.0;36.0041079
2.457;14.9981135;0.0;35.4773571
2.458;15.5911034;0.0;34.1296202
2.459;15.1577858;0.0;32.780055
2.46;12.0110039;0.0;30.7595356
2.461;14.2052804;0.0;30.8793532
2.462;18.2396311;0.0;32.4453005
2.463;17.4171724;0.0;33.5593019
2.464;14.4515395;0.0;33.2650023
2.465;13.8248861;0.0;32.2588479
2.466;13.1676854;0.0;32.4753038
2.467;14.0635163;0.0;34.1089206
2.468;17.1447632;0.0;34.4247651
2.469;16.8880087;0.0;33.8430584
2.47;14.1644498;0.0;34.4098929
2.471;13.8209305;0.0;33.3457164
2.472;15.2098724;0.0;31.7767658
2.473;14.2458627;0.0;32.0912694
2.474;14.1832975;0.0;32.1486954
2.475;13.6454932;0.0;30.1114506
2.476;11.5699871;0.0;29.2219571
2.477;15.8035448;0.0;30.7475425
2.478;17.0457597;0.0;27.8898247
2.479;12.6079749;0.0;24.7433085
2.48;11.9798193;0.0;24.0058767
2.481;12.6094616;0.0;21.6064703
2.482;12.3485371;0.0;21.8331505
2.483;14.9655818;0.0;24.5333142
2.484;15.036178;0.0;26.0609451
2.485;9.337629;0.0;29.2617524
2.486;6.611579;0.0;31.1790707
2.487;8.5601871;0.0;32.5602357
2.488;7.1998524;0.0;32.1284378
2.489;2.1867957;0.0;28.8727286
2.49;3.9022584;0.0;27.4048813
2.491;10.1544317;0.0;25.7491621
2.492;9.7849893;0.0;23.8686005
2.493;9.6391295;0.0;23.2446733
2.494;11.0463748;0.0;22.2174365
2.495;7.615069;0.0;18.6235081
2.496;7.8123186;0.0;18.84749
2.497;16.0671103;0.0;22.2845662
2.498;13.5862917;0.0;22.4532496
2.499;8.6519268;0.0;21.6332528
2.5;16.895219;0.0;24.3568838
