wavelength;reflectance;direct_transmittance;diffuse_transmittance
0.4;6.46838443333333;0.0;6.1950575
0.401;6.49447235;0.0;6.20594118333333
0.402;6.60047026666667;0.0;6.29559898333333
0.403;6.6086122;0.0;6.2864651
0.404;6.5732958;0.0;6.25366455
0.405;6.595656;0.0;6.3104112
0.406;6.62101141666667;0.0;6.3271181
0.407;6.64010093333333;0.0;6.3366787
0.408;6.66218158333333;0.0;6.371273
0.409;6.74443963333333;0.0;6.4383615
0.41;6.76308918333333;0.0;6.44398121666667
0.411;6.72853481666667;0.0;6.40478951666667
0.412;6.77815735;0.0;6.44366221666667
0.413;6.79782611666667;0.0;6.45908261666667
0.414;6.80547558333333;0.0;6.46617126666667
0.415;6.84978508333333;0.0;6.50661483333333
0.416;6.85895773333333;0.0;6.51076068333333
0.417;6.8589848;0.0;6.50942866666667
0.418;6.87547486666667;0.0;6.52799056666667
0.419;6.8945277;0.0;6.53485285
0.42;6.92162846666667;0.0;6.55376666666667
0.421;6.95016728333333;0.0;6.58321005
0.422;6.95783438333333;0.0;6.59003358333333
0.423;6.94760593333333;0.0;6.58131488333333
0.424;6.93329741666667;0.0;6.56839526666667
0.425;6.93377363333333;0.0;6.56621808333333
0.426;6.93835046666667;0.0;6.58200445
0.427;6.94208005;0.0;6.59241645
0.428;6.94222495;0.0;6.58033503333333
0.429;6.9395841;0.0;6.57391438333333
0.43;6.9439187;0.0;6.57985645
0.431;6.95479316666667;0.0;6.59179025
0.432;6.95349511666667;0.0;6.58119346666667
0.433;6.95031985;0.0;6.5694978
0.434;6.95070165;0.0;6.56648046666667
0.435;6.95802096666667;0.0;6.57618761666667
0.436;6.95955996666667;0.0;6.57776868333333
0.437;6.95602606666667;0.0;6.57412385
0.438;6.95200365;0.0;6.57344413333333
0.439;6.95069888333333;0.0;6.57227576666667
0.44;6.95381501666667;0.0;6.57457603333333
0.441;6.95900255;0.0;6.58048926666667
0.442;6.95446921666667;0.0;6.57869276666667
0.443;6.94372148333333;0.0;6.57719391666667
0.444;6.93744748333333;0.0;6.58315568333333
0.445;6.95728076666667;0.0;6.60529685
0.446;6.96634015;0.0;6.61910088333333
0.447;6.96210473333333;0.0;6.62209456666667
0.448;6.95621681666667;0.0;6.62168933333333
0.449;6.96106713333333;0.0;6.63072108333333
0.45;6.9668608;0.0;6.64589091666667
0.451;6.96481965;0.0;6.6611448
0.452;6.96548715;0.0;6.67274635
0.453;6.96633753333333;0.0;6.68082858333333
0.454;6.96828745;0.0;6.68829751666667
0.455;6.98092218333333;0.0;6.70380041666667
0.456;6.98532416666667;0.0;6.71677865
0.457;6.98035826666667;0.0;6.72420031666667
0.458;6.97557348333333;0.0;6.72711751666667
0.459;6.9742058;0.0;6.72890638333333
0.46;6.97509163333333;0.0;6.73361388333333
0.461;6.97504805;0.0;6.74288498333333
0.462;6.96950886666667;0.0;6.74402578333333
0.463;6.9595484;0.0;6.74151411666667
0.464;6.9501297;0.0;6.74022263333333
0.465;6.9566974;0.0;6.74260385
0.466;6.95707193333333;0.0;6.74279503333333
0.467;6.94971291666667;0.0;6.74214886666667
0.468;6.95465756666667;0.0;6.750215
0.469;6.9519116;0.0;6.7522959
0.47;6.94392401666667;0.0;6.74936465
0.471;6.94107656666667;0.0;6.7483348
0.472;6.9397017;0.0;6.74800835
0.473;6.93769553333333;0.0;6.74900215
0.474;6.93335571666667;0.0;6.7513257
0.475;6.9246403;0.0;6.7515022
0.476;6.92157761666667;0.0;6.75566421666667
0.477;6.92664211666667;0.0;6.76521035
0.478;6.92948591666667;0.0;6.77341875
0.479;6.93217663333333;0.0;6.78089993333333
0.48;6.93456013333333;0.0;6.78798478333333
0.481;6.93560815;0.0;6.79524138333333
0.482;6.93293638333333;0.0;6.800757
0.483;6.93003016666667;0.0;6.8020661
0.484;6.93086851666667;0.0;6.79893991666667
0.485;6.93014663333333;0.0;6.80668646666667
0.486;6.93013625;0.0;6.81547886666667
0.487;6.93270295;0.0;6.8192666
0.488;6.93712056666667;0.0;6.82900828333333
0.489;6.93960238333333;0.0;6.84069273333333
0.49;6.94246645;0.0;6.85428568333333
0.491;6.95607798333333;0.0;6.87447431666667
0.492;6.97109638333333;0.0;6.89774583333333
0.493;6.98498141666667;0.0;6.92267746666667
0.494;6.99768756666667;0.0;6.9484184
0.495;7.00683646666667;0.0;6.97209125
0.496;7.01566046666667;0.0;6.99711998333333
0.497;7.02840613333333;0.0;7.02824898333333
0.498;7.0476178;0.0;7.0700268
0.499;7.07627391666667;0.0;7.11867416666667
0.5;7.11240085;0.0;7.17174
0.501;7.14385083333333;0.0;7.23063351666667
0.502;7.17715763333333;0.0;7.29058831666667
0.503;7.21758381666667;0.0;7.3564535
0.504;7.27063926666667;0.0;7.4418065
0.505;7.32979048333333;0.0;7.52990315
0.506;7.39134283333333;0.0;7.62142546666667
0.507;7.45392325;0.0;7.72270813333333
0.508;7.5295412;0.0;7.83630095
0.509;7.61395123333333;0.0;7.95956953333333
0.51;7.70426246666667;0.0;8.09118971666667
0.511;7.81076075;0.0;8.23745005
0.512;7.92834158333333;0.0;8.39584631666667
0.513;8.05480091666667;0.0;8.56441766666667
0.514;8.19282115;0.0;8.74220731666667
0.515;8.34002083333333;0.0;8.92888891666667
0.516;8.49750205;0.0;9.12513705
0.517;8.66841903333333;0.0;9.33236208333333
0.518;8.85152666666667;0.0;9.54644401666667
0.519;9.04152113333333;0.0;9.76434706666667
0.52;9.23281811666667;0.0;9.98357195
0.521;9.42694968333333;0.0;10.2043118666667
0.522;9.62335348333333;0.0;10.4238471666667
0.523;9.8198646;0.0;10.6387062333333
0.524;10.0106623833333;0.0;10.84359455
0.525;10.1989881666667;0.0;11.0443211666667
0.526;10.3813239166667;0.0;11.2381255666667
0.527;10.545791;0.0;11.4117339833333
0.528;10.6983045333333;0.0;11.5729357833333
0.529;10.8393912;0.0;11.7224918333333
0.53;10.96791045;0.0;11.85874345
0.531;11.0854828333333;0.0;11.983018
0.532;11.1909839333333;0.0;12.0938887166667
0.533;11.2836735833333;0.0;12.19097495
0.534;11.3676059;0.0;12.2819182
0.535;11.4404559833333;0.0;12.3613683833333
0.536;11.5020036666667;0.0;12.4276857333333
0.537;11.5572199333333;0.0;12.48850025
0.538;11.6065093333333;0.0;12.5448716833333
0.539;11.6488628;0.0;12.5949693666667
0.54;11.6811028666667;0.0;12.6331458333333
0.541;11.7141425;0.0;12.6726116166667
0.542;11.7503412333333;0.0;12.7151808333333
0.543;11.7881909666667;0.0;12.7579513666667
0.544;11.82079305;0.0;12.7951448166667
0.545;11.8549061166667;0.0;12.8340961
0.546;11.89595245;0.0;12.88070205
0.547;11.9353727333333;0.0;12.9271022833333
0.548;11.9714085166667;0.0;12.96969375
0.549;12.0043820666667;0.0;13.00821545
0.55;12.0386048833333;0.0;13.0487079666667
0.551;12.0660409833333;0.0;13.0831231
0.552;12.0871717166667;0.0;13.1112057833333
0.553;12.1088372833333;0.0;13.1382972833333
0.554;12.1159152;0.0;13.1538294666667
0.555;12.1066694333333;0.0;13.1551035833333
0.556;12.0841722666667;0.0;13.1427435833333
0.557;12.0525081666667;0.0;13.1227782
0.558;12.0088446833333;0.0;13.0915976
0.559;11.9509839666667;0.0;13.0463272666667
0.56;11.8812369333333;0.0;12.9904618333333
0.561;11.8049340166667;0.0;12.9266083333333
0.562;11.7226559833333;0.0;12.8547521166667
0.563;11.6271631;0.0;12.7705892333333
0.564;11.5247169666667;0.0;12.6776284833333
0.565;11.4154606666667;0.0;12.5767703166667
0.566;11.2963729833333;0.0;12.4677414
0.567;11.1739819666667;0.0;12.3538521
0.568;11.0464724;0.0;12.2338198333333
0.569;10.9111138;0.0;12.1060099833333
0.57;10.7749858166667;0.0;11.9750845833333
0.571;10.6372341333333;0.0;11.8421916166667
0.572;10.49923025;0.0;11.7094707333333
0.573;10.3711884166667;0.0;11.5830677333333
0.574;10.2468564333333;0.0;11.45879525
0.575;10.1257378;0.0;11.3379559333333
0.576;10.0142773666667;0.0;11.2290361666667
0.577;9.91010616666667;0.0;11.1259439666667
0.578;9.81291233333333;0.0;11.02788265
0.579;9.72293348333333;0.0;10.93620995
0.58;9.64021095;0.0;10.8519548333333
0.581;9.56204926666667;0.0;10.7724000333333
0.582;9.48589073333333;0.0;10.69467715
0.583;9.41398288333333;0.0;10.62093205
0.584;9.34753645;0.0;10.5521853
0.585;9.2863957;0.0;10.4882779
0.586;9.22788711666667;0.0;10.4269066166667
0.587;9.17198731666667;0.0;10.36817735
0.588;9.11972966666667;0.0;10.3133666166667
0.589;9.07399945;0.0;10.2657989833333
0.59;9.02825325;0.0;10.2178291333333
0.591;8.98519215;0.0;10.172433
0.592;8.95069353333333;0.0;10.13629425
0.593;8.91734155;0.0;10.10162755
0.594;8.88700245;0.0;10.0697044
0.595;8.86163533333333;0.0;10.0423419833333
0.596;8.8354821;0.0;10.0159446166667
0.597;8.81222668333333;0.0;9.99223591666667
0.598;8.79232066666667;0.0;9.9711682
0.599;8.76849078333333;0.0;9.94871535
0.6;8.74539038333333;0.0;9.92526915
0.601;8.72196685;0.0;9.8999002
0.602;8.69243846666667;0.0;9.87067321666667
0.603;8.66397863333333;0.0;9.84217313333333
0.604;8.63483528333333;0.0;9.81136775
0.605;8.60034795;0.0;9.77303701666667
0.606;8.56260661666667;0.0;9.7326885
0.607;8.52154331666667;0.0;9.68851146666667
0.608;8.47750698333333;0.0;9.639051
0.609;8.43309281666667;0.0;9.58784605
0.61;8.3878856;0.0;9.53689558333333
0.611;8.34154126666667;0.0;9.48577561666667
0.612;8.2933381;0.0;9.42892133333333
0.613;8.24780978333333;0.0;9.3752837
0.614;8.20477846666667;0.0;9.32510518333333
0.615;8.1610699;0.0;9.27328461666667
0.616;8.1218146;0.0;9.22416066666667
0.617;8.08479043333333;0.0;9.17804635
0.618;8.04669783333333;0.0;9.13431985
0.619;8.01346013333333;0.0;9.09417368333333
0.62;7.98311308333333;0.0;9.05618211666667
0.621;7.95416498333333;0.0;9.0201406
0.622;7.92882248333333;0.0;8.99001656666667
0.623;7.90930175;0.0;8.96582236666667
0.624;7.89467555;0.0;8.94649725
0.625;7.87955578333333;0.0;8.92925438333333
0.626;7.86633255;0.0;8.9155665
0.627;7.8559835;0.0;8.90586926666667
0.628;7.84893701666667;0.0;8.90005426666667
0.629;7.84340505;0.0;8.89601846666667
0.63;7.8380748;0.0;8.89163273333333
0.631;7.83176501666667;0.0;8.8852483
0.632;7.82353175;0.0;8.87777258333333
0.633;7.81275163333333;0.0;8.86588185
0.634;7.79782888333333;0.0;8.8467018
0.635;7.77441248333333;0.0;8.81831761666667
0.636;7.74628368333333;0.0;8.78224023333333
0.637;7.7133771;0.0;8.73711398333333
0.638;7.67208848333333;0.0;8.6785835
0.639;7.62417126666667;0.0;8.61065976666667
0.64;7.57117553333333;0.0;8.53520831666667
0.641;7.5150881;0.0;8.45385858333333
0.642;7.460618;0.0;8.37193328333333
0.643;7.40710056666667;0.0;8.29017251666667
0.644;7.35324698333333;0.0;8.20819433333333
0.645;7.29919591666667;0.0;8.1248649
0.646;7.24959078333333;0.0;8.0455374
0.647;7.20644961666667;0.0;7.97332483333333
0.648;7.16769266666667;0.0;7.90781588333333
0.649;7.13076175;0.0;7.8474769
0.65;7.09827226666667;0.0;7.79454041666667
0.651;7.07673206666667;0.0;7.75402168333333
0.652;7.05547218333333;0.0;7.71639478333333
0.653;7.03560381666667;0.0;7.68260913333333
0.654;7.02042806666667;0.0;7.65517408333333
0.655;7.00325286666667;0.0;7.62536773333333
0.656;6.9839312;0.0;7.59198461666667
0.657;6.96305773333333;0.0;7.5549649
0.658;6.9409693;0.0;7.51476818333333
0.659;6.91683701666667;0.0;7.46879245
0.66;6.89074873333333;0.0;7.41673631666667
0.661;6.86394545;0.0;7.36107618333333
0.662;6.83644045;0.0;7.30231875
0.663;6.80921413333333;0.0;7.24263131666667
0.664;6.7838213;0.0;7.18500746666667
0.665;6.76218405;0.0;7.12986528333333
0.666;6.74386381666667;0.0;7.07888301666667
0.667;6.72846303333333;0.0;7.03366878333333
0.668;6.71917381666667;0.0;6.99517433333333
0.669;6.71117633333333;0.0;6.9592593
0.67;6.70335725;0.0;6.9252114
0.671;6.70330558333333;0.0;6.90096221666667
0.672;6.70851436666667;0.0;6.88290876666667
0.673;6.71647993333333;0.0;6.86872303333333
0.674;6.72399908333333;0.0;6.85689501666667
0.675;6.73594306666667;0.0;6.84772891666667
0.676;6.75187561666667;0.0;6.8418832
0.677;6.7698151;0.0;6.83991363333333
0.678;6.79025508333333;0.0;6.83907603333333
0.679;6.81470111666667;0.0;6.84289291666667
0.68;6.84390495;0.0;6.85421755
0.681;6.87570263333333;0.0;6.87087405
0.682;6.91081701666667;0.0;6.89439288333333
0.683;6.95122005;0.0;6.9289294
0.684;7.00076421666667;0.0;6.98250088333333
0.685;7.05798971666667;0.0;7.05487741666667
0.686;7.12505391666667;0.0;7.15006106666667
0.687;7.20604073333333;0.0;7.27422105
0.688;7.30270281666667;0.0;7.4333659
0.689;7.42582721666667;0.0;7.63510813333333
0.69;7.58580023333333;0.0;7.88612485
0.691;7.77911288333333;0.0;8.18757813333333
0.692;8.0181833;0.0;8.54346631666667
0.693;8.31111805;0.0;8.95492455
0.694;8.65517125;0.0;9.4172297
0.695;9.05977711666667;0.0;9.93397613333333
0.696;9.52755186666667;0.0;10.5033777
0.697;10.0553199166667;0.0;11.1187517833333
0.698;10.6374947666667;0.0;11.7738382
0.699;11.2701657;0.0;12.4635923333333
0.7;11.9490383;0.0;13.1826325166667
0.701;12.6689245166667;0.0;13.9245311666667
0.702;13.4222018833333;0.0;14.6843176333333
0.703;14.2015084;0.0;15.45672245
0.704;15.0021614666667;0.0;16.2354704
0.705;15.8189761333333;0.0;17.0182635833333
0.706;16.6483561666667;0.0;17.8032372666667
0.707;17.4888461166667;0.0;18.5891945166667
0.708;18.33671055;0.0;19.3742643333333
0.709;19.19194885;0.0;20.1584968
0.71;20.0562609333333;0.0;20.9429290166667
0.711;20.92401995;0.0;21.7248014166667
0.712;21.7958260166667;0.0;22.5049883333333
0.713;22.6720002666667;0.0;23.2838432666667
0.714;23.5469016;0.0;24.0569695833333
0.715;24.42104855;0.0;24.8247984833333
0.716;25.2936945833333;0.0;25.5870444666667
0.717;26.1636464333333;0.0;26.3437497166667
0.718;27.0271226333333;0.0;27.0913779666667
0.719;27.8815552833333;0.0;27.8283978666667
0.72;28.7265217166667;0.0;28.5557329166667
0.721;29.5608463833333;0.0;29.27119135
0.722;30.3806711166667;0.0;29.9722541166667
0.723;31.1827031333333;0.0;30.6572394833333
0.724;31.9627250833333;0.0;31.3224015333333
0.725;32.7199013;0.0;31.96683485
0.726;33.45388935;0.0;32.5903098833333
0.727;34.1624606166667;0.0;33.1916056333333
0.728;34.8416017833333;0.0;33.7677079166667
0.729;35.4904549;0.0;34.3173639666667
0.73;36.1103463166667;0.0;34.84013145
0.731;36.7017981833333;0.0;35.3404639833333
0.732;37.26372165;0.0;35.8169965666667
0.733;37.7945022666667;0.0;36.2665283333333
0.734;38.2954230333333;0.0;36.6913736
0.735;38.7676718166667;0.0;37.0923835833333
0.736;39.2120185666667;0.0;37.4698149333333
0.737;39.62849655;0.0;37.82281485
0.738;40.0185385;0.0;38.1552067833333
0.739;40.3826713166667;0.0;38.4678702166667
0.74;40.7196594333333;0.0;38.7574971
0.741;41.0320548;0.0;39.0268783166667
0.742;41.3215673;0.0;39.27803875
0.743;41.5894274833333;0.0;39.5124850666667
0.744;41.8359761833333;0.0;39.7282459666667
0.745;42.0620907166667;0.0;39.9277740333333
0.746;42.2686241333333;0.0;40.1130272666667
0.747;42.4569317166667;0.0;40.2819008666667
0.748;42.6276253;0.0;40.4373495166667
0.749;42.7810024333333;0.0;40.5801237166667
0.75;42.9168688;0.0;40.7074834666667
0.751;43.0405901833333;0.0;40.8252537666667
0.752;43.1530545333333;0.0;40.9340677166667
0.753;43.2528349666667;0.0;41.0320603166667
0.754;43.3398073166667;0.0;41.1198531833333
0.755;43.4177711;0.0;41.1998997833333
0.756;43.4897666833333;0.0;41.2742833833333
0.757;43.5519680166667;0.0;41.3417958666667
0.758;43.6065739;0.0;41.4028111333333
0.759;43.6555903666667;0.0;41.4583857166667
0.76;43.70068945;0.0;41.510999
0.761;43.7417457833333;0.0;41.5600849333333
0.762;43.7758627666667;0.0;41.6032365166667
0.763;43.7989693;0.0;41.6373477333333
0.764;43.82344015;0.0;41.6731229333333
0.765;43.84580675;0.0;41.7067327166667
0.766;43.8606778333333;0.0;41.7329771166667
0.767;43.87163445;0.0;41.7567231666667
0.768;43.882256;0.0;41.7804185666667
0.769;43.8932738666667;0.0;41.8042816333333
0.77;43.9000368666667;0.0;41.8244665333333
0.771;43.9057510666667;0.0;41.8439204333333
0.772;43.9112636166667;0.0;41.8629758666667
0.773;43.9162470833333;0.0;41.8805594333333
0.774;43.9217371;0.0;41.8981335666667
0.775;43.9264364166667;0.0;41.91558205
0.776;43.9293391;0.0;41.932553
0.777;43.9338446166667;0.0;41.94977855
0.778;43.9374563833333;0.0;41.9652610666667
0.779;43.9396203333333;0.0;41.9790401833333
0.78;43.9441509666667;0.0;41.9954498666667
0.781;43.9489032333333;0.0;42.01167
0.782;43.95315945;0.0;42.0273773666667
0.783;43.9568707166667;0.0;42.0435163333333
0.784;43.96027765;0.0;42.0593064
0.785;43.96461365;0.0;42.0746991666667
0.786;43.97064275;0.0;42.0901178666667
0.787;43.9760431166667;0.0;42.107659
0.788;43.98071115;0.0;42.1240526166667
0.789;43.9852711666667;0.0;42.1381798833333
0.79;43.9918246166667;0.0;42.1530338666667
0.791;43.9968960166667;0.0;42.1689917833333
0.792;44.00078895;0.0;42.1852757333333
0.793;44.0058714166667;0.0;42.2003305333333
0.794;44.0110776333333;0.0;42.21622325
0.795;44.0171804833333;0.0;42.2324419
0.796;44.02433035;0.0;42.24786135
0.797;44.0283230166667;0.0;42.2605776
0.798;44.03338665;0.0;42.2755062
0.799;44.04087415;0.0;42.2937567333333
0.8;44.0471728833333;0.0;42.3101878833333
0.801;44.0537127333333;0.0;42.3254112333333
0.802;44.0596773;0.0;42.3397555
0.803;44.0636813;0.0;42.3539501833333
0.804;44.0708547166667;0.0;42.3713564
0.805;44.07797815;0.0;42.3881795833333
0.806;44.0822725333333;0.0;42.4015309
0.807;44.0882207166667;0.0;42.4168637166667
0.808;44.09430905;0.0;42.43054815
0.809;44.1001837166667;0.0;42.4432219166667
0.81;44.1071756166667;0.0;42.4617216833333
0.811;44.11310475;0.0;42.4759793
0.812;44.1187674833333;0.0;42.4881263166667
0.813;44.125864;0.0;42.50434905
0.814;44.1316229;0.0;42.5182049833333
0.815;44.1401779166667;0.0;42.5340642333333
0.816;44.1526626;0.0;42.5541663666667
0.817;44.15898515;0.0;42.5709021166667
0.818;44.1646554166667;0.0;42.5858458166667
0.819;44.1716842166667;0.0;42.60036985
0.82;44.1789702333333;0.0;42.61591365
0.821;44.18769;0.0;42.63255845
0.822;44.1960011833333;0.0;42.6488092333333
0.823;44.2023141;0.0;42.66342585
0.824;44.2133631666667;0.0;42.6808421833333
0.825;44.2242121666667;0.0;42.6983414
0.826;44.2315702166667;0.0;42.7138470833333
0.827;44.2373892;0.0;42.7277212666667
0.828;44.2431644833333;0.0;42.7409733333333
0.829;44.25102825;0.0;42.7556720666667
0.83;44.2630946;0.0;42.7743205
0.831;44.2707327333333;0.0;42.7899128333333
0.832;44.2759231833333;0.0;42.80365385
0.833;44.2825407666667;0.0;42.8182100833333
0.834;44.2910764833333;0.0;42.8336171333333
0.835;44.2999185666667;0.0;42.8491419666667
0.836;44.3085252666667;0.0;42.8646851833333
0.837;44.3181082833333;0.0;42.8810161833333
0.838;44.3262278333333;0.0;42.89907245
0.839;44.3340166333333;0.0;42.9168290833333
0.84;44.34388895;0.0;42.9316046833333
0.841;44.35409155;0.0;42.94886015
0.842;44.3648805833333;0.0;42.9674389
0.843;44.37574285;0.0;42.9850771166667
0.844;44.38296885;0.0;42.9984725
0.845;44.3914345333333;0.0;43.0145180833333
0.846;44.4005487;0.0;43.0321552
0.847;44.4051468333333;0.0;43.04356665
0.848;44.4145923;0.0;43.05953045
0.849;44.4238744833333;0.0;43.07576475
0.85;44.4274124166667;0.0;43.0870951166667
0.851;44.4384367;0.0;43.1063240333333
0.852;44.4469365833333;0.0;43.1225407166667
0.853;44.4497024666667;0.0;43.1323451666667
0.854;44.4569098;0.0;43.1468806833333
0.855;44.46409835;0.0;43.1619356166667
0.856;44.4707508833333;0.0;43.1765336333333
0.857;44.4773678833333;0.0;43.19050645
0.858;44.4797534666667;0.0;43.2015670166667
0.859;44.48085365;0.0;43.2102890666667
0.86;44.4839019833333;0.0;43.21880635
0.861;44.4900538;0.0;43.2322291333333
0.862;44.4967901833333;0.0;43.2481198
0.863;44.5024924833333;0.0;43.2631021666667
0.864;44.5062646833333;0.0;43.2729151
0.865;44.5081211;0.0;43.2839471666667
0.866;44.5106416333333;0.0;43.2952001833333
0.867;44.5154366666667;0.0;43.3042481166667
0.868;44.5161179666667;0.0;43.3106195
0.869;44.5176105666667;0.0;43.3217660666667
0.87;44.5209534666667;0.0;43.3372281166667
0.871;44.5207571833333;0.0;43.3443027833333
0.872;44.5196503333333;0.0;43.3500116166667
0.873;44.5207041166667;0.0;43.3587499166667
0.874;44.5261269166667;0.0;43.3726817833333
0.875;44.5286784;0.0;43.3811526
0.876;44.5259499166667;0.0;43.3875440166667
0.877;44.5194024;0.0;43.3944640166667
0.878;44.5172081333333;0.0;43.3983086833333
0.879;44.5217207833333;0.0;43.4060858
0.88;44.5260944666667;0.0;43.4159404666667
0.881;44.5185324333333;0.0;43.4210027
0.882;44.5195659;0.0;43.4296904333333
0.883;44.5218010166667;0.0;43.4389072666667
0.884;44.51756015;0.0;43.4449531166667
0.885;44.5166217333333;0.0;43.44902335
0.886;44.5123064333333;0.0;43.4541698833333
0.887;44.5063990833333;0.0;43.4616051666667
0.888;44.5087520833333;0.0;43.4706786833333
0.889;44.5099565166667;0.0;43.4789914666667
0.89;44.5061122833333;0.0;43.4832467166667
0.891;44.4973808;0.0;43.4828692333333
0.892;44.4948393666667;0.0;43.4901682666667
0.893;44.4971175;0.0;43.49814745
0.894;44.4980745166667;0.0;43.5022085
0.895;44.4850425;0.0;43.5017625666667
0.896;44.4775781833333;0.0;43.5043595833333
0.897;44.4764717833333;0.0;43.5090581333333
0.898;44.4749998166667;0.0;43.51167725
0.899;44.4654358166667;0.0;43.5100144
0.9;44.4547539;0.0;43.5082351333333
0.901;44.4484696166667;0.0;43.50987085
0.902;44.4485346833333;0.0;43.5176916333333
0.903;44.4379457;0.0;43.5156807333333
0.904;44.4226682833333;0.0;43.5092399
0.905;44.4178995666667;0.0;43.51210495
0.906;44.4144343333333;0.0;43.5130814333333
0.907;44.4059787833333;0.0;43.5090135666667
0.908;44.3928032166667;0.0;43.5027808666667
0.909;44.3910539833333;0.0;43.51062665
0.91;44.3784654833333;0.0;43.50962135
0.911;44.36359935;0.0;43.5043034
0.912;44.3698909333333;0.0;43.5132207166667
0.913;44.37204605;0.0;43.52271175
0.914;44.3674933333333;0.0;43.5260200666667
0.915;44.3594783666667;0.0;43.52293105
0.916;44.3575905833333;0.0;43.5276350833333
0.917;44.3489499;0.0;43.5338397666667
0.918;44.3377657;0.0;43.5387580666667
0.919;44.3386090333333;0.0;43.5415387333333
0.92;44.3334883833333;0.0;43.5401844333333
0.921;44.3275681333333;0.0;43.5414377
0.922;44.32590185;0.0;43.5495948166667
0.923;44.32016365;0.0;43.55763635
0.924;44.3128888166667;0.0;43.5613293666667
0.925;44.3077287;0.0;43.5616789833333
0.926;44.30822485;0.0;43.56367865
0.927;44.2931122666667;0.0;43.5604227833333
0.928;44.27871555;0.0;43.5583991666667
0.929;44.2777574;0.0;43.5614057666667
0.93;44.2664380666667;0.0;43.5560754
0.931;44.2471776;0.0;43.5473212333333
0.932;44.22791415;0.0;43.5407905166667
0.933;44.2206570333333;0.0;43.5421759666667
0.934;44.2135816;0.0;43.5394322333333
0.935;44.2006222;0.0;43.5363565666667
0.936;44.1815718166667;0.0;43.5370834166667
0.937;44.1723507;0.0;43.5375690666667
0.938;44.1517251666667;0.0;43.5203906666667
0.939;44.1243491666667;0.0;43.49779495
0.94;44.11436425;0.0;43.5036969
0.941;44.0928079333333;0.0;43.4911271666667
0.942;44.07438195;0.0;43.4772336333333
0.943;44.0670220333333;0.0;43.4765845333333
0.944;44.0290692;0.0;43.45293915
0.945;43.9883366333333;0.0;43.4338244
0.946;43.9561591166667;0.0;43.4219133166667
0.947;43.9310889666667;0.0;43.4019232833333
0.948;43.90816285;0.0;43.3831115166667
0.949;43.8774152666667;0.0;43.3590829333333
0.95;43.8365085666667;0.0;43.3290073
0.951;43.8082574166667;0.0;43.3184579
0.952;43.7690324166667;0.0;43.29048425
0.953;43.7142328833333;0.0;43.2437493833333
0.954;43.6531115666667;0.0;43.20041275
0.955;43.6014985166667;0.0;43.1602156833333
0.956;43.55930235;0.0;43.1333734833333
0.957;43.5218463666667;0.0;43.1191347333333
0.958;43.4804831833333;0.0;43.0864488666667
0.959;43.4457238;0.0;43.0618861833333
0.96;43.4112319833333;0.0;43.03665375
0.961;43.3654853333333;0.0;42.9906590166667
0.962;43.33723255;0.0;42.97871225
0.963;43.3141087833333;0.0;42.9745411666667
0.964;43.2854673833333;0.0;42.9562658833333
0.965;43.2531219666667;0.0;42.9293809166667
0.966;43.2309216833333;0.0;42.9105380833333
0.967;43.2185037166667;0.0;42.9019404333333
0.968;43.2057643666667;0.0;42.8963789
0.969;43.1648528666667;0.0;42.8727492833333
0.97;43.1394280666667;0.0;42.8601711833333
0.971;43.1401192833333;0.0;42.86538995
0.972;43.1198628833333;0.0;42.85569795
0.973;43.1207810666667;0.0;42.8667399833333
0.974;43.1321024;0.0;42.8830039
0.975;43.129403;0.0;42.8796801166667
0.976;43.1077429166667;0.0;42.8705169666667
0.977;43.0811542333333;0.0;42.8538247666667
0.978;43.0662224;0.0;42.8402421833333
0.979;43.0784382666667;0.0;42.85181885
0.98;43.0489021666667;0.0;42.84651225
0.981;43.02394905;0.0;42.8376334833333
0.982;43.0447091333333;0.0;42.84397045
0.983;43.0466653333333;0.0;42.85999385
0.984;43.03023325;0.0;42.8652286
0.985;43.0162748666667;0.0;42.8604158833333
0.986;43.0357830833333;0.0;42.8614866333333
0.987;43.045197;0.0;42.86930815
0.988;43.05447735;0.0;42.8896646166667
0.989;43.0713020833333;0.0;42.9188545333333
0.99;43.0832164166667;0.0;42.9348190666667
0.991;43.0732677666667;0.0;42.9207706166667
0.992;43.0573296166667;0.0;42.90283675
0.993;43.0589070333333;0.0;42.9160644333333
0.994;43.0468633666667;0.0;42.9175394666667
0.995;43.0436627;0.0;42.9216144666667
0.996;43.0605279833333;0.0;42.9356400333333
0.997;43.0892197333333;0.0;42.9531037166667
0.998;43.0732109833333;0.0;42.9585306166667
0.999;43.0421601;0.0;42.9566628666667
1;43.0378672666667;0.0;42.9583496666667
1.001;43.0454330833333;0.0;42.9719754666667
1.002;43.0646625;0.0;42.99725115
1.003;43.07984305;0.0;43.0229931166667
1.004;43.0870158833333;0.0;43.0296822666667
1.005;43.1113054833333;0.0;43.02797645
1.006;43.11655935;0.0;43.0534468
1.007;43.1195750666667;0.0;43.0640415
1.008;43.1277526166667;0.0;43.0797805333333
1.009;43.1044229166667;0.0;43.1056461833333
1.01;43.1081981166667;0.0;43.1177476833333
1.011;43.1350251333333;0.0;43.1447580166667
1.012;43.1524133666667;0.0;43.1685683166667
1.013;43.1775664666667;0.0;43.1956336
1.014;43.20479735;0.0;43.2230883166667
1.015;43.2336043333333;0.0;43.25699405
1.016;43.26679205;0.0;43.2826533666667
1.017;43.30426345;0.0;43.3066965666667
1.018;43.3522675;0.0;43.3285663833333
1.019;43.3834699666667;0.0;43.3360429666667
1.02;43.3875223333333;0.0;43.3366304833333
1.021;43.3875505166667;0.0;43.3568929
1.022;43.3755928333333;0.0;43.3753285666667
1.023;43.3765585;0.0;43.405317
1.024;43.3967999666667;0.0;43.45267375
1.025;43.4263212833333;0.0;43.49373135
1.026;43.4582886166667;0.0;43.5265012166667
1.027;43.4822746833333;0.0;43.55045315
1.028;43.5135820333333;0.0;43.5703468
1.029;43.5319364333333;0.0;43.5897172333333
1.03;43.5380002666667;0.0;43.59569505
1.031;43.5448862166667;0.0;43.6119986166667
1.032;43.54943675;0.0;43.6426271
1.033;43.5323582;0.0;43.64161035
1.034;43.5483747666667;0.0;43.6562238666667
1.035;43.5652495666667;0.0;43.6632340833333
1.036;43.5725400166667;0.0;43.65074465
1.037;43.6077528;0.0;43.67434685
1.038;43.632924;0.0;43.6973336
1.039;43.6403401333333;0.0;43.7095428333333
1.04;43.6553332333333;0.0;43.7304219
1.041;43.6731930666667;0.0;43.7513992333333
1.042;43.68920255;0.0;43.7744188166667
1.043;43.7052005;0.0;43.8025021166667
1.044;43.7098799;0.0;43.8167707833333
1.045;43.7059565833333;0.0;43.82855455
1.046;43.7109827166667;0.0;43.8360226
1.047;43.7011195333333;0.0;43.8168768
1.048;43.7160938166667;0.0;43.8329922166667
1.049;43.7509384666667;0.0;43.872463
1.05;43.7724799666667;0.0;43.9002101833333
1.051;43.78683585;0.0;43.9451090666667
1.052;43.7837674833333;0.0;43.9601958666667
1.053;43.7872621333333;0.0;43.9488738
1.054;43.8069932833333;0.0;43.96138165
1.055;43.7963987333333;0.0;43.9585201666667
1.056;43.7934171666667;0.0;43.9643030166667
1.057;43.8076273333333;0.0;43.9809206166667
1.058;43.821413;0.0;44.01242325
1.059;43.8245588;0.0;44.0213571333333
1.06;43.8574141;0.0;44.0288944333333
1.061;43.8648561833333;0.0;44.04006475
1.062;43.8335698333333;0.0;44.0396898166667
1.063;43.8323103833333;0.0;44.0472245166667
1.064;43.8497024166667;0.0;44.05338795
1.065;43.8451660333333;0.0;44.0586853
1.066;43.8458252833333;0.0;44.0620131833333
1.067;43.8386959833333;0.0;44.0585159333333
1.068;43.8257511;0.0;44.06481415
1.069;43.83144725;0.0;44.0825586
1.07;43.8430207333333;0.0;44.097635
1.071;43.8747183333333;0.0;44.1131689333333
1.072;43.8847694833333;0.0;44.12139775
1.073;43.8955899333333;0.0;44.1331570333333
1.074;43.8958055333333;0.0;44.1387435666667
1.075;43.8700906166667;0.0;44.1278378
1.076;43.8733846166667;0.0;44.13314775
1.077;43.8944176833333;0.0;44.14735775
1.078;43.9010242;0.0;44.1583524333333
1.079;43.9198505666667;0.0;44.1747059666667
1.08;43.927855;0.0;44.1932618
1.081;43.8969596333333;0.0;44.1890188833333
1.082;43.8758735333333;0.0;44.18150435
1.083;43.8737357833333;0.0;44.1810143166667
1.084;43.8716918666667;0.0;44.1739289166667
1.085;43.8647349833333;0.0;44.1779496666667
1.086;43.86661055;0.0;44.1987763833333
1.087;43.8566775833333;0.0;44.2041848833333
1.088;43.8294756333333;0.0;44.20914005
1.089;43.8201323333333;0.0;44.2085321166667
1.09;43.8295342333333;0.0;44.20140325
1.091;43.8253820166667;0.0;44.19628015
1.092;43.8088613;0.0;44.1806969166667
1.093;43.80480725;0.0;44.1758637666667
1.094;43.80848045;0.0;44.18016335
1.095;43.7957808;0.0;44.1739360666667
1.096;43.7967810333333;0.0;44.1821443333333
1.097;43.8011963;0.0;44.19341425
1.098;43.7768211833333;0.0;44.1840508666667
1.099;43.7642106833333;0.0;44.1859821166667
1.1;43.7638948833333;0.0;44.18933005
1.101;43.7555387833333;0.0;44.1842305333333
1.102;43.7440576833333;0.0;44.1785266166667
1.103;43.7317739833333;0.0;44.1770290333333
1.104;43.72014585;0.0;44.1711182333333
1.105;43.7050364666667;0.0;44.1563454
1.106;43.6889842166667;0.0;44.1395297833333
1.107;43.6716813833333;0.0;44.1115757333333
1.108;43.6623543;0.0;44.1082410666667
1.109;43.6499826166667;0.0;44.1202801166667
1.11;43.6422513166667;0.0;44.1221294166667
1.111;43.6530466333333;0.0;44.1477218333333
1.112;43.6494084666667;0.0;44.1450872166667
1.113;43.6222599;0.0;44.1120592833333
1.114;43.60470025;0.0;44.1011214666667
1.115;43.5966842666667;0.0;44.1067913833333
1.116;43.5970085;0.0;44.1078120666667
1.117;43.5740594666667;0.0;44.1000614
1.118;43.5494268;0.0;44.0996191333333
1.119;43.5274414166667;0.0;44.08485455
1.12;43.4782195166667;0.0;44.04331925
1.121;43.4529422166667;0.0;44.0272103
1.122;43.4639605666667;0.0;44.0269840166667
1.123;43.4440696666667;0.0;44.0096926833333
1.124;43.4133270166667;0.0;44.0045212
1.125;43.3773861333333;0.0;43.9791868333333
1.126;43.3246224333333;0.0;43.9240414833333
1.127;43.2768301666667;0.0;43.88323855
1.128;43.2264106333333;0.0;43.8450487666667
1.129;43.1821202166667;0.0;43.8000790166667
1.13;43.1171019333333;0.0;43.7527261
1.131;43.05467395;0.0;43.7136632833333
1.132;42.9887781333333;0.0;43.6589546333333
1.133;42.9124263333333;0.0;43.58870925
1.134;42.8381453166667;0.0;43.5277425666667
1.135;42.7738094166667;0.0;43.4723925666667
1.136;42.68825505;0.0;43.4024664666667
1.137;42.5870859;0.0;43.3334469833333
1.138;42.4889406833333;0.0;43.24902165
1.139;42.3872454166667;0.0;43.1393142166667
1.14;42.2774194;0.0;43.0445544666667
1.141;42.1574913166667;0.0;42.9548431833333
1.142;42.04641535;0.0;42.8576571166667
1.143;41.93264975;0.0;42.7601135666667
1.144;41.8141578;0.0;42.66127385
1.145;41.6961331166667;0.0;42.5634966666667
1.146;41.5856470833333;0.0;42.4455754
1.147;41.46227495;0.0;42.3330461833333
1.148;41.3458870833333;0.0;42.2439836833333
1.149;41.2338094833333;0.0;42.1463828666667
1.15;41.1300691;0.0;42.0462838833333
1.151;41.0258363666667;0.0;41.95645715
1.152;40.91835165;0.0;41.8702731333333
1.153;40.8221455;0.0;41.7886488166667
1.154;40.7280140166667;0.0;41.70743305
1.155;40.6494707;0.0;41.6440571166667
1.156;40.5853777666667;0.0;41.59528615
1.157;40.5204672166667;0.0;41.5428490166667
1.158;40.4684532833333;0.0;41.5028510833333
1.159;40.4124161333333;0.0;41.45869135
1.16;40.3542334333333;0.0;41.4142744833333
1.161;40.2985708833333;0.0;41.3665823833333
1.162;40.2445191166667;0.0;41.3145063166667
1.163;40.1928955333333;0.0;41.2699632333333
1.164;40.13456735;0.0;41.2262284333333
1.165;40.0949951833333;0.0;41.17915545
1.166;40.0532205666667;0.0;41.1430498166667
1.167;40.0180366;0.0;41.1240125833333
1.168;39.97911585;0.0;41.0859134833333
1.169;39.9416242833333;0.0;41.0346669333333
1.17;39.9032744666667;0.0;41.0045694
1.171;39.8600471833333;0.0;40.981006
1.172;39.8270797333333;0.0;40.9497848333333
1.173;39.80729385;0.0;40.9312238666667
1.174;39.77153665;0.0;40.9029864333333
1.175;39.7315858333333;0.0;40.8582126166667
1.176;39.6936210833333;0.0;40.8220609
1.177;39.6451365;0.0;40.79803485
1.178;39.6019104833333;0.0;40.7624372166667
1.179;39.5708215;0.0;40.7147070666667
1.18;39.5290043666667;0.0;40.6737710166667
1.181;39.4742434833333;0.0;40.6282619333333
1.182;39.4274684833333;0.0;40.5897343
1.183;39.3835444;0.0;40.5523377333333
1.184;39.3436073;0.0;40.52482055
1.185;39.3084294;0.0;40.4896576666667
1.186;39.2875207833333;0.0;40.4517036666667
1.187;39.2516526333333;0.0;40.4164943
1.188;39.2045776833333;0.0;40.3758302666667
1.189;39.174017;0.0;40.3497656666667
1.19;39.1464474166667;0.0;40.3295079166667
1.191;39.1193115833333;0.0;40.3142865833333
1.192;39.1000392833333;0.0;40.3117496
1.193;39.0846295666667;0.0;40.3045455166667
1.194;39.0609348333333;0.0;40.2920628333333
1.195;39.05385985;0.0;40.2936052
1.196;39.0652360166667;0.0;40.3029722833333
1.197;39.07341375;0.0;40.3134023
1.198;39.08667785;0.0;40.3325882
1.199;39.1027821;0.0;40.3547076333333
1.2;39.1263532666667;0.0;40.3821041833333
1.201;39.1437398333333;0.0;40.4074347833333
1.202;39.16159655;0.0;40.4279278166667
1.203;39.1821301333333;0.0;40.4489446166667
1.204;39.1993876666667;0.0;40.4726796666667
1.205;39.2090358333333;0.0;40.48987575
1.206;39.2293716166667;0.0;40.5148097166667
1.207;39.2543172833333;0.0;40.5536378333333
1.208;39.2798552;0.0;40.5772157166667
1.209;39.318412;0.0;40.58733195
1.21;39.33825365;0.0;40.6128666166667
1.211;39.3381154166667;0.0;40.6399128666667
1.212;39.36126855;0.0;40.6695799833333
1.213;39.3901170333333;0.0;40.7084102333333
1.214;39.4141575333333;0.0;40.7467479833333
1.215;39.4463045;0.0;40.7828616
1.216;39.4843107;0.0;40.8227936
1.217;39.5153574166667;0.0;40.8678814333333
1.218;39.5522385166667;0.0;40.9151499166667
1.219;39.6126709666667;0.0;40.9704006833333
1.22;39.6597876833333;0.0;41.0169628
1.221;39.70120365;0.0;41.0608429166667
1.222;39.7313605;0.0;41.1022721666667
1.223;39.7717876333333;0.0;41.1503329833333
1.224;39.8106773166667;0.0;41.1953155333333
1.225;39.8529925833333;0.0;41.24200315
1.226;39.9028445166667;0.0;41.29747945
1.227;39.9455402;0.0;41.3468341666667
1.228;39.9867211333333;0.0;41.3930471166667
1.229;40.0249577833333;0.0;41.4340945666667
1.23;40.0591878666667;0.0;41.4725534166667
1.231;40.0947945833333;0.0;41.5127884166667
1.232;40.1269785166667;0.0;41.5447988833333
1.233;40.1624656166667;0.0;41.5827694666667
1.234;40.1990758;0.0;41.6278548833333
1.235;40.2370507833333;0.0;41.6702991833333
1.236;40.2865912333333;0.0;41.7150867333333
1.237;40.3199930666667;0.0;41.7541679666667
1.238;40.3419857;0.0;41.7925859833333
1.239;40.3683374333333;0.0;41.82740685
1.24;40.3917563;0.0;41.8584375166667
1.241;40.4045182833333;0.0;41.8817971
1.242;40.42467935;0.0;41.9112635833333
1.243;40.4482962333333;0.0;41.9411226333333
1.244;40.4764876333333;0.0;41.9700860666667
1.245;40.5100028166667;0.0;42.0009105833333
1.246;40.5303054166667;0.0;42.0281890166667
1.247;40.5501136333333;0.0;42.0562939833333
1.248;40.5708662;0.0;42.0763968333333
1.249;40.5775406;0.0;42.0863543333333
1.25;40.5955492333333;0.0;42.1073101
1.251;40.6304264333333;0.0;42.1325847
1.252;40.6503958;0.0;42.14899585
1.253;40.6607187166667;0.0;42.1644278333333
1.254;40.6758075166667;0.0;42.1840040833333
1.255;40.6849314166667;0.0;42.1957176666667
1.256;40.7010253833333;0.0;42.2123339
1.257;40.73591455;0.0;42.2457789833333
1.258;40.7482656666667;0.0;42.2654655833333
1.259;40.7388874333333;0.0;42.2681758666667
1.26;40.7469471166667;0.0;42.28255785
1.261;40.756213;0.0;42.3003228166667
1.262;40.7582788666667;0.0;42.3186351166667
1.263;40.76320425;0.0;42.32899795
1.264;40.7843199166667;0.0;42.3434458833333
1.265;40.79067015;0.0;42.35104555
1.266;40.7797972333333;0.0;42.3403551166667
1.267;40.7827945166667;0.0;42.3531078833333
1.268;40.7983130333333;0.0;42.3870655666667
1.269;40.7985137666667;0.0;42.3936239166667
1.27;40.7876807166667;0.0;42.3916488333333
1.271;40.7882278833333;0.0;42.3978556
1.272;40.7918047833333;0.0;42.3952793833333
1.273;40.7880932;0.0;42.3911766666667
1.274;40.7888867;0.0;42.3945310333333
1.275;40.7849031666667;0.0;42.3962861166667
1.276;40.7658396833333;0.0;42.3847369666667
1.277;40.7576870833333;0.0;42.38085075
1.278;40.75927995;0.0;42.3899535166667
1.279;40.7547399833333;0.0;42.39237065
1.28;40.75302795;0.0;42.39038285
1.281;40.7452144166667;0.0;42.3879681
1.282;40.7315681166667;0.0;42.3875407666667
1.283;40.7172069666667;0.0;42.3826099166667
1.284;40.6992169;0.0;42.3726911666667
1.285;40.6788340166667;0.0;42.3628578833333
1.286;40.6605121833333;0.0;42.3499238166667
1.287;40.6382298;0.0;42.3301288833333
1.288;40.6265006833333;0.0;42.3224630833333
1.289;40.6302545333333;0.0;42.3263120166667
1.29;40.6063207166667;0.0;42.3069249
1.291;40.5692897166667;0.0;42.2786536166667
1.292;40.54657055;0.0;42.2606627666667
1.293;40.5157367;0.0;42.23172995
1.294;40.4831222833333;0.0;42.20704025
1.295;40.46286955;0.0;42.1960297166667
1.296;40.43693165;0.0;42.1788248666667
1.297;40.39100465;0.0;42.1493004
1.298;40.3603203833333;0.0;42.1276321666667
1.299;40.3595984666667;0.0;42.1285415
1.3;40.3265439166667;0.0;42.1011340333333
1.301;40.2633201833333;0.0;42.0434743833333
1.302;40.2248579833333;0.0;42.0102444333333
1.303;40.2033562833333;0.0;41.9908149666667
1.304;40.1511558333333;0.0;41.9480907666667
1.305;40.0800759;0.0;41.8933305833333
1.306;40.03327075;0.0;41.8575165833333
1.307;39.9880524;0.0;41.82117725
1.308;39.9227888166667;0.0;41.7733597
1.309;39.8545313166667;0.0;41.7201085666667
1.31;39.8045763833333;0.0;41.6824750666667
1.311;39.7503700166667;0.0;41.63779245
1.312;39.6731675333333;0.0;41.5718433166667
1.313;39.5996283;0.0;41.5110567333333
1.314;39.55073075;0.0;41.4687072833333
1.315;39.4815765;0.0;41.41188755
1.316;39.3815047333333;0.0;41.33106705
1.317;39.29765745;0.0;41.2647307833333
1.318;39.2291523333333;0.0;41.2171285
1.319;39.14872185;0.0;41.1481099333333
1.32;39.0554228333333;0.0;41.0650945166667
1.321;38.9701303333333;0.0;40.9866276333333
1.322;38.8954236833333;0.0;40.9037211333333
1.323;38.8071998166667;0.0;40.81975305
1.324;38.7167744666667;0.0;40.7359623166667
1.325;38.6182502333333;0.0;40.6510544166667
1.326;38.50545475;0.0;40.5642638666667
1.327;38.3980978666667;0.0;40.4748914333333
1.328;38.28588565;0.0;40.3872413333333
1.329;38.17935065;0.0;40.2954234833333
1.33;38.0877391166667;0.0;40.2012383833333
1.331;37.9796066166667;0.0;40.1020861833333
1.332;37.8656445166667;0.0;40.00461745
1.333;37.7447637166667;0.0;39.8918793833333
1.334;37.6301680333333;0.0;39.7846023666667
1.335;37.5061908166667;0.0;39.66891865
1.336;37.3899914666667;0.0;39.5704136
1.337;37.2845352;0.0;39.48182295
1.338;37.1719955;0.0;39.3824754666667
1.339;37.0527598333333;0.0;39.2844313666667
1.34;36.93915145;0.0;39.1915353333333
1.341;36.8298057833333;0.0;39.0959979666667
1.342;36.7169717333333;0.0;38.99703955
1.343;36.6006590333333;0.0;38.9032036333333
1.344;36.48972575;0.0;38.8098791666667
1.345;36.3834760666667;0.0;38.7114442666667
1.346;36.2712600833333;0.0;38.6107137333333
1.347;36.1539107833333;0.0;38.5119100666667
1.348;36.0453802;0.0;38.41598295
1.349;35.9377028833333;0.0;38.3143840333333
1.35;35.8282910666667;0.0;38.2129973666667
1.351;35.71901495;0.0;38.1166281
1.352;35.6185863333333;0.0;38.0212908666667
1.353;35.5267081666667;0.0;37.9181513166667
1.354;35.4234485166667;0.0;37.8212685333333
1.355;35.3240732333333;0.0;37.7444251166667
1.356;35.2195243833333;0.0;37.6474774333333
1.357;35.1046123;0.0;37.53925005
1.358;34.98484665;0.0;37.4294251833333
1.359;34.85971535;0.0;37.3095272666667
1.36;34.74005275;0.0;37.1837156
1.361;34.62393655;0.0;37.0740145333333
1.362;34.50250605;0.0;36.9661235666667
1.363;34.3648584333333;0.0;36.8415775333333
1.364;34.2243815833333;0.0;36.7152874
1.365;34.0866570166667;0.0;36.5861677333333
1.366;33.9421384833333;0.0;36.4492873666667
1.367;33.78169245;0.0;36.3020603166667
1.368;33.6260093666667;0.0;36.1589842333333
1.369;33.45677135;0.0;35.99917005
1.37;33.2671019333333;0.0;35.822124
1.371;33.0719543166667;0.0;35.6408612666667
1.372;32.8831009666667;0.0;35.45796595
1.373;32.6713119833333;0.0;35.2605752166667
1.374;32.4359842;0.0;35.0520530666667
1.375;32.1923113666667;0.0;34.8269536166667
1.376;31.9391775833333;0.0;34.5886464666667
1.377;31.6694478833333;0.0;34.3353949166667
1.378;31.3823511;0.0;34.06591275
1.379;31.0781634833333;0.0;33.7774352833333
1.38;30.7679350333333;0.0;33.4770787166667
1.381;30.42217435;0.0;33.1504008166667
1.382;30.0365251666667;0.0;32.7939900666667
1.383;29.6502365;0.0;32.4255719833333
1.384;29.2462880166667;0.0;32.0366887666667
1.385;28.8252559833333;0.0;31.6355598666667
1.386;28.3882952666667;0.0;31.2145724666667
1.387;27.9519394333333;0.0;30.7903976333333
1.388;27.5016649666667;0.0;30.3489499666667
1.389;27.04161725;0.0;29.91216445
1.39;26.5763648666667;0.0;29.4652865166667
1.391;26.0973737;0.0;28.9957929666667
1.392;25.6162662833333;0.0;28.5284023333333
1.393;25.1218446833333;0.0;28.0508852
1.394;24.6360342333333;0.0;27.5836750166667
1.395;24.1479296166667;0.0;27.1156549833333
1.396;23.6759903833333;0.0;26.6481613333333
1.397;23.2005772666667;0.0;26.1725967833333
1.398;22.7450207333333;0.0;25.7239896166667
1.399;22.30958455;0.0;25.2839052333333
1.4;21.8700416833333;0.0;24.8462367333333
1.401;21.4246878;0.0;24.4210355333333
1.402;21.0108681;0.0;24.0097001333333
1.403;20.6131270833333;0.0;23.5958789
1.404;20.23198625;0.0;23.2091819
1.405;19.8750552166667;0.0;22.8528971666667
1.406;19.5302161333333;0.0;22.5013483833333
1.407;19.19881805;0.0;22.1561121166667
1.408;18.8821905166667;0.0;21.8341120666667
1.409;18.5855454166667;0.0;21.5357015666667
1.41;18.30244675;0.0;21.2442124666667
1.411;18.0327358;0.0;20.9696075666667
1.412;17.7797459;0.0;20.7094928333333
1.413;17.5516204333333;0.0;20.4602887666667
1.414;17.3307253333333;0.0;20.22983015
1.415;17.1192090333333;0.0;20.0216589
1.416;16.9267346;0.0;19.8234411333333
1.417;16.7575594666667;0.0;19.6448130333333
1.418;16.5883445166667;0.0;19.4726064166667
1.419;16.4340183666667;0.0;19.3167759833333
1.42;16.2883356;0.0;19.1651259
1.421;16.14903265;0.0;19.01844055
1.422;16.0138211333333;0.0;18.88333905
1.423;15.8971551;0.0;18.7624188333333
1.424;15.7867333333333;0.0;18.6471764
1.425;15.6789629333333;0.0;18.5450588666667
1.426;15.5749640333333;0.0;18.44733995
1.427;15.4783102666667;0.0;18.3538089333333
1.428;15.39162175;0.0;18.2588689333333
1.429;15.3105475;0.0;18.1753985166667
1.43;15.2364030333333;0.0;18.0971598
1.431;15.1702192166667;0.0;18.0309940333333
1.432;15.1147692666667;0.0;17.9783239
1.433;15.0589482666667;0.0;17.9230786833333
1.434;15.0075963833333;0.0;17.8714017
1.435;14.9624077333333;0.0;17.8282353833333
1.436;14.9232647833333;0.0;17.7918396333333
1.437;14.8826421333333;0.0;17.7544143333333
1.438;14.84475325;0.0;17.7226183333333
1.439;14.8147905666667;0.0;17.6970774666667
1.44;14.78647735;0.0;17.6774498833333
1.441;14.7639111166667;0.0;17.6486562833333
1.442;14.7534135833333;0.0;17.6166903166667
1.443;14.7380527666667;0.0;17.59984635
1.444;14.72133945;0.0;17.5848673333333
1.445;14.70743225;0.0;17.5680796666667
1.446;14.6928149;0.0;17.55689295
1.447;14.6872211;0.0;17.5600444333333
1.448;14.6893498;0.0;17.5675147
1.449;14.6873307666667;0.0;17.56992475
1.45;14.6910489;0.0;17.5922102
1.451;14.6906832;0.0;17.6022799666667
1.452;14.6806867333333;0.0;17.5873056333333
1.453;14.6830790833333;0.0;17.5928366333333
1.454;14.6887205833333;0.0;17.6136472333333
1.455;14.6995882166667;0.0;17.6298235666667
1.456;14.7245638666667;0.0;17.6511845166667
1.457;14.7415201666667;0.0;17.6692314166667
1.458;14.7530633333333;0.0;17.6780019666667
1.459;14.7725376166667;0.0;17.6999239166667
1.46;14.7916965166667;0.0;17.7304193333333
1.461;14.8148385;0.0;17.7594480666667
1.462;14.84108005;0.0;17.7880309833333
1.463;14.8796190833333;0.0;17.8318551
1.464;14.9155354;0.0;17.8751408
1.465;14.9514717666667;0.0;17.92092875
1.466;15.0013769;0.0;17.98698395
1.467;15.0480266333333;0.0;18.0497328666667
1.468;15.0942992666667;0.0;18.1056866166667
1.469;15.15265895;0.0;18.1730788333333
1.47;15.2049698166667;0.0;18.2456444
1.471;15.2583614666667;0.0;18.3203659166667
1.472;15.32655075;0.0;18.3979875
1.473;15.406447;0.0;18.4832719333333
1.474;15.4783865;0.0;18.56825485
1.475;15.5562677833333;0.0;18.6521671666667
1.476;15.6346600666667;0.0;18.7404456333333
1.477;15.7047022833333;0.0;18.8311300833333
1.478;15.7870976333333;0.0;18.9298794333333
1.479;15.88270615;0.0;19.0377318
1.48;15.9729707333333;0.0;19.1361870666667
1.481;16.0670469833333;0.0;19.2360693833333
1.482;16.1518820833333;0.0;19.3369088666667
1.483;16.2296077833333;0.0;19.4289786833333
1.484;16.3172615833333;0.0;19.5306883
1.485;16.3976639833333;0.0;19.6411792166667
1.486;16.4949357666667;0.0;19.7517956333333
1.487;16.6171633833333;0.0;19.8647804333333
1.488;16.7130572833333;0.0;19.9737046666667
1.489;16.7935528;0.0;20.0844595666667
1.49;16.8959851333333;0.0;20.1963794833333
1.491;17.0011887166667;0.0;20.3029702166667
1.492;17.0998462833333;0.0;20.4153052
1.493;17.20967195;0.0;20.5344886166667
1.494;17.3192496;0.0;20.6512772
1.495;17.4202643333333;0.0;20.7683223666667
1.496;17.5201615833333;0.0;20.8850353833333
1.497;17.6259743666667;0.0;21.0011862
1.498;17.73379195;0.0;21.1195358666667
1.499;17.8336647666667;0.0;21.23770525
1.5;17.93810255;0.0;21.3568119333333
1.501;18.0524204333333;0.0;21.4761936666667
1.502;18.1660216333333;0.0;21.6007195
1.503;18.2814051333333;0.0;21.7367701833333
1.504;18.38702365;0.0;21.8574108666667
1.505;18.4859166166667;0.0;21.9656901666667
1.506;18.5952698833333;0.0;22.0867209
1.507;18.70478365;0.0;22.21145905
1.508;18.8091637833333;0.0;22.3245042
1.509;18.9226111;0.0;22.4398952166667
1.51;19.0323687166667;0.0;22.5577390166667
1.511;19.1246245;0.0;22.6585730666667
1.512;19.2292115333333;0.0;22.7703005333333
1.513;19.3471792666667;0.0;22.90183655
1.514;19.4589574666667;0.0;23.0230987833333
1.515;19.5728278;0.0;23.1336967833333
1.516;19.6847820666667;0.0;23.25233365
1.517;19.7935791666667;0.0;23.3812865333333
1.518;19.9008712333333;0.0;23.4985443333333
1.519;20.0061702166667;0.0;23.6132712666667
1.52;20.1126948166667;0.0;23.7238790833333
1.521;20.2130592833333;0.0;23.8377673666667
1.522;20.3181661166667;0.0;23.95327595
1.523;20.4272188;0.0;24.0692146666667
1.524;20.53868305;0.0;24.1876742166667
1.525;20.6356090833333;0.0;24.2921021333333
1.526;20.7314249333333;0.0;24.3940544
1.527;20.8405679333333;0.0;24.5111853166667
1.528;20.94109705;0.0;24.6260908666667
1.529;21.0398986;0.0;24.7340639666667
1.53;21.1432322666667;0.0;24.844464
1.531;21.2411725666667;0.0;24.9529077666667
1.532;21.33058235;0.0;25.0525204166667
1.533;21.4315232;0.0;25.15640955
1.534;21.54727335;0.0;25.2645259166667
1.535;21.6443119666667;0.0;25.36699975
1.536;21.730603;0.0;25.46499955
1.537;21.8224860333333;0.0;25.5650742
1.538;21.9086643833333;0.0;25.6660190333333
1.539;22.0016139166667;0.0;25.76433715
1.54;22.0986417666667;0.0;25.85868045
1.541;22.1974392166667;0.0;25.9615738833333
1.542;22.3024613833333;0.0;26.0710536
1.543;22.3948741;0.0;26.1650779
1.544;22.48363885;0.0;26.2549097166667
1.545;22.5735793666667;0.0;26.3512479
1.546;22.6548990166667;0.0;26.4404942166667
1.547;22.7438306333333;0.0;26.53234
1.548;22.8401318666667;0.0;26.6340172833333
1.549;22.9308283333333;0.0;26.7289436
1.55;23.0214240833333;0.0;26.8140075333333
1.551;23.1067467833333;0.0;26.9073949
1.552;23.1863852166667;0.0;27.0092221166667
1.553;23.2724989833333;0.0;27.1018413833333
1.554;23.3607309166667;0.0;27.1934555833333
1.555;23.43973715;0.0;27.2776055
1.556;23.51361015;0.0;27.3485804166667
1.557;23.6015911833333;0.0;27.4374703
1.558;23.6956245166667;0.0;27.5347723833333
1.559;23.77248935;0.0;27.6201692333333
1.56;23.84800425;0.0;27.70738975
1.561;23.93413155;0.0;27.79932545
1.562;24.0115555666667;0.0;27.8866521
1.563;24.0853791166667;0.0;27.9690973666667
1.564;24.1752206833333;0.0;28.0581810666667
1.565;24.2548626333333;0.0;28.1432718
1.566;24.3120439666667;0.0;28.2169897666667
1.567;24.3820596666667;0.0;28.2919495333333
1.568;24.4655273333333;0.0;28.3756773333333
1.569;24.5434799166667;0.0;28.4497679833333
1.57;24.6126526833333;0.0;28.5077422333333
1.571;24.6899195333333;0.0;28.57799505
1.572;24.7832297666667;0.0;28.6568706833333
1.573;24.8545210166667;0.0;28.7263040333333
1.574;24.9112078166667;0.0;28.7884886833333
1.575;24.97803165;0.0;28.86257855
1.576;25.03610815;0.0;28.9396838833333
1.577;25.1046827666667;0.0;29.01403645
1.578;25.18666985;0.0;29.0975262166667
1.579;25.2617596666667;0.0;29.17519315
1.58;25.33867745;0.0;29.2478001666667
1.581;25.4076470166667;0.0;29.3167646666667
1.582;25.4756995833333;0.0;29.3836018166667
1.583;25.5349431333333;0.0;29.4513165333333
1.584;25.5767293333333;0.0;29.51273
1.585;25.6376149833333;0.0;29.57769205
1.586;25.7022881166667;0.0;29.6472500666667
1.587;25.7667632833333;0.0;29.71571935
1.588;25.84963855;0.0;29.7822671666667
1.589;25.9129757333333;0.0;29.8489245833333
1.59;25.95703485;0.0;29.9194074
1.591;26.0170341;0.0;29.9852992833333
1.592;26.0787305333333;0.0;30.0463194333333
1.593;26.1402639833333;0.0;30.1103114166667
1.594;26.2104919;0.0;30.17692705
1.595;26.27664255;0.0;30.237435
1.596;26.3390253666667;0.0;30.2910557666667
1.597;26.3999118833333;0.0;30.3533687
1.598;26.4580169333333;0.0;30.4199772666667
1.599;26.5224053333333;0.0;30.4790302666667
1.6;26.5936580833333;0.0;30.53751655
1.601;26.6524305666667;0.0;30.6022810333333
1.602;26.7064768;0.0;30.66485455
1.603;26.7657451166667;0.0;30.7241785666667
1.604;26.8195143333333;0.0;30.7896006166667
1.605;26.8715222833333;0.0;30.85290085
1.606;26.9298506166667;0.0;30.91183685
1.607;26.9850590833333;0.0;30.9660397
1.608;27.0268913666667;0.0;31.0172701
1.609;27.0808946166667;0.0;31.07455495
1.61;27.1501724833333;0.0;31.13099425
1.611;27.2067718833333;0.0;31.1825578833333
1.612;27.2579335;0.0;31.2362687333333
1.613;27.3119277666667;0.0;31.2930145
1.614;27.3659442;0.0;31.347266
1.615;27.4134949833333;0.0;31.3960283666667
1.616;27.4600456;0.0;31.4505100833333
1.617;27.5047010166667;0.0;31.4988034166667
1.618;27.5397813;0.0;31.5302231666667
1.619;27.57903105;0.0;31.5737901
1.62;27.6190895;0.0;31.6283022666667
1.621;27.6636812166667;0.0;31.67330245
1.622;27.7139784;0.0;31.7152335666667
1.623;27.7563223166667;0.0;31.7590538333333
1.624;27.7983160166667;0.0;31.8020907666667
1.625;27.8407664;0.0;31.84094905
1.626;27.8782094833333;0.0;31.8777254166667
1.627;27.9142694666667;0.0;31.91654625
1.628;27.9498621666667;0.0;31.9505709833333
1.629;27.9891147;0.0;31.9876541166667
1.63;28.0291378;0.0;32.0305760166667
1.631;28.0651736666667;0.0;32.07124415
1.632;28.1017761833333;0.0;32.11070845
1.633;28.1405677833333;0.0;32.14826655
1.634;28.17614595;0.0;32.1865446833333
1.635;28.2100072166667;0.0;32.2227704833333
1.636;28.25209135;0.0;32.2582755666667
1.637;28.2835626333333;0.0;32.28677055
1.638;28.3017358333333;0.0;32.30780405
1.639;28.3276725333333;0.0;32.3368494833333
1.64;28.3540387;0.0;32.3626020166667
1.641;28.3810431833333;0.0;32.3934064166667
1.642;28.4134826;0.0;32.43776025
1.643;28.4379206833333;0.0;32.4684157666667
1.644;28.4542623333333;0.0;32.4892636166667
1.645;28.4792972833333;0.0;32.5165995333333
1.646;28.5083141333333;0.0;32.5461752833333
1.647;28.52960005;0.0;32.5672369
1.648;28.5560241833333;0.0;32.5866093166667
1.649;28.5716904333333;0.0;32.6062935
1.65;28.5701597333333;0.0;32.6223166833333
1.651;28.58181485;0.0;32.6319515166667
1.652;28.6004659833333;0.0;32.6374904833333
1.653;28.6108327666667;0.0;32.6477801
1.654;28.61925375;0.0;32.650471
1.655;28.6300068166667;0.0;32.6595103166667
1.656;28.64126095;0.0;32.68545575
1.657;28.6421549833333;0.0;32.69115685
1.658;28.64066745;0.0;32.68135655
1.659;28.6400589;0.0;32.6823623833333
1.66;28.6305962166667;0.0;32.6828880166667
1.661;28.6206491333333;0.0;32.6784375666667
1.662;28.6120713666667;0.0;32.6777989166667
1.663;28.6083675166667;0.0;32.6715119
1.664;28.6053445166667;0.0;32.6527372833333
1.665;28.5903975333333;0.0;32.6452670666667
1.666;28.5800274166667;0.0;32.6475892166667
1.667;28.5598361666667;0.0;32.6367657
1.668;28.5149156333333;0.0;32.6234039833333
1.669;28.4944820166667;0.0;32.6068625666667
1.67;28.4905280166667;0.0;32.5856646666667
1.671;28.4700133333333;0.0;32.5573272
1.672;28.4530950833333;0.0;32.5245266333333
1.673;28.4227495833333;0.0;32.4895482666667
1.674;28.3751503;0.0;32.4441644
1.675;28.3410892333333;0.0;32.40624995
1.676;28.3151813333333;0.0;32.3784235833333
1.677;28.2621436833333;0.0;32.32630155
1.678;28.2002272333333;0.0;32.2638678833333
1.679;28.142394;0.0;32.2013211
1.68;28.0678603666667;0.0;32.1292255333333
1.681;27.9988528166667;0.0;32.04741115
1.682;27.94590455;0.0;31.9652044333333
1.683;27.86221095;0.0;31.8677970666667
1.684;27.7572281166667;0.0;31.7518870333333
1.685;27.6549262333333;0.0;31.6343593833333
1.686;27.54488285;0.0;31.5121995833333
1.687;27.4281041666667;0.0;31.3821155666667
1.688;27.2992952666667;0.0;31.2385671166667
1.689;27.1935062166667;0.0;31.1019349833333
1.69;27.0782279666667;0.0;30.9621284666667
1.691;26.9700111833333;0.0;30.8347305
1.692;26.87320185;0.0;30.70570175
1.693;26.7595542;0.0;30.56988135
1.694;26.6464360666667;0.0;30.4539263833333
1.695;26.5577782166667;0.0;30.3470290833333
1.696;26.4783056166667;0.0;30.2414559666667
1.697;26.3880143;0.0;30.1331173333333
1.698;26.3094305;0.0;30.0442146
1.699;26.2302239666667;0.0;29.9692379666667
1.7;26.1523835833333;0.0;29.8853819666667
1.701;26.0863558833333;0.0;29.811316
1.702;26.0245075333333;0.0;29.7442701833333
1.703;25.9573157833333;0.0;29.6617785333333
1.704;25.9009217666667;0.0;29.5976228833333
1.705;25.86037355;0.0;29.5610206666667
1.706;25.8175684833333;0.0;29.5185575166667
1.707;25.7720600166667;0.0;29.47177625
1.708;25.7391126666667;0.0;29.4403693833333
1.709;25.7202499666667;0.0;29.4223549333333
1.71;25.6941134833333;0.0;29.4019627333333
1.711;25.6754905166667;0.0;29.3894582333333
1.712;25.6530391333333;0.0;29.3810322
1.713;25.6243267;0.0;29.3854589
1.714;25.5943075333333;0.0;29.3679675
1.715;25.5602427166667;0.0;29.3413115833333
1.716;25.5338225166667;0.0;29.3195935
1.717;25.5174045333333;0.0;29.2944605333333
1.718;25.4832632;0.0;29.2496366833333
1.719;25.4491286833333;0.0;29.1917538666667
1.72;25.40660035;0.0;29.1510301333333
1.721;25.3316803166667;0.0;29.0983759
1.722;25.2883777666667;0.0;29.0495300833333
1.723;25.26785405;0.0;29.0214791333333
1.724;25.2300500833333;0.0;28.9863154833333
1.725;25.195073;0.0;28.9368199333333
1.726;25.1616658666667;0.0;28.89364785
1.727;25.11737505;0.0;28.8605131
1.728;25.0811491666667;0.0;28.8268996833333
1.729;25.0611932666667;0.0;28.7829658166667
1.73;25.0240584833333;0.0;28.7543994166667
1.731;24.9705539833333;0.0;28.7451588833333
1.732;24.93469875;0.0;28.72044475
1.733;24.8937832833333;0.0;28.6860092666667
1.734;24.8773629833333;0.0;28.6711148666667
1.735;24.8945081333333;0.0;28.6626241833333
1.736;24.8707489333333;0.0;28.6487234666667
1.737;24.8361156666667;0.0;28.6434461333333
1.738;24.8155772666667;0.0;28.6420203
1.739;24.7749600666667;0.0;28.6314796
1.74;24.7564139333333;0.0;28.6362916
1.741;24.7669590833333;0.0;28.6623044166667
1.742;24.75861665;0.0;28.6727426666667
1.743;24.73908965;0.0;28.6790132166667
1.744;24.7293341333333;0.0;28.6848580333333
1.745;24.72673945;0.0;28.69129545
1.746;24.7150650833333;0.0;28.6820118833333
1.747;24.7098852333333;0.0;28.67808335
1.748;24.6810165666667;0.0;28.6893558166667
1.749;24.6637302333333;0.0;28.6829418666667
1.75;24.6575573833333;0.0;28.6737922833333
1.751;24.6342911833333;0.0;28.66058355
1.752;24.6077289333333;0.0;28.6288037333333
1.753;24.58114385;0.0;28.5976507666667
1.754;24.5376058833333;0.0;28.56643435
1.755;24.4964292666667;0.0;28.5357403666667
1.756;24.4662090166667;0.0;28.5007895333333
1.757;24.4267505833333;0.0;28.4652508833333
1.758;24.3601578333333;0.0;28.4237214166667
1.759;24.3248670333333;0.0;28.3973113833333
1.76;24.3202632;0.0;28.3866799333333
1.761;24.28809195;0.0;28.3583090666667
1.762;24.2534767333333;0.0;28.3301818
1.763;24.22656305;0.0;28.30331275
1.764;24.18134565;0.0;28.25287555
1.765;24.1464749833333;0.0;28.2262985666667
1.766;24.12785175;0.0;28.2224701
1.767;24.1133625666667;0.0;28.21190195
1.768;24.1072563;0.0;28.2149818833333
1.769;24.0784119333333;0.0;28.1951501666667
1.77;24.03715955;0.0;28.1540657833333
1.771;24.0254301833333;0.0;28.1384506833333
1.772;24.0161051;0.0;28.1240960666667
1.773;23.9908033666667;0.0;28.1080418333333
1.774;23.98132125;0.0;28.1048719666667
1.775;23.9757608833333;0.0;28.1064957666667
1.776;23.9462981666667;0.0;28.1063239166667
1.777;23.9288182166667;0.0;28.0966682166667
1.778;23.9433349833333;0.0;28.09386275
1.779;23.9373698333333;0.0;28.0974227333333
1.78;23.9037026666667;0.0;28.0857375166667
1.781;23.894433;0.0;28.08929425
1.782;23.900702;0.0;28.1180249166667
1.783;23.9133209666667;0.0;28.13059655
1.784;23.9335300166667;0.0;28.1338307333333
1.785;23.9350664333333;0.0;28.1302051666667
1.786;23.9351054666667;0.0;28.1333208833333
1.787;23.8923693666667;0.0;28.1191202
1.788;23.8828396666667;0.0;28.12227925
1.789;23.91406115;0.0;28.1613970833333
1.79;23.9229936166667;0.0;28.1731312666667
1.791;23.92355825;0.0;28.1584125833333
1.792;23.9417239166667;0.0;28.1733179833333
1.793;23.9714936833333;0.0;28.1954991833333
1.794;23.9776949666667;0.0;28.21111465
1.795;23.98449775;0.0;28.2638217333333
1.796;23.99336495;0.0;28.2775611833333
1.797;23.9701980333333;0.0;28.23716685
1.798;23.9715592666667;0.0;28.2390839166667
1.799;24.0077064166667;0.0;28.2630584333333
1.8;24.0195250833333;0.0;28.25939175
1.801;24.0165904166667;0.0;28.2685307
1.802;23.9999643;0.0;28.29085575
1.803;24.0509990333333;0.0;28.3109357
1.804;24.0770726833333;0.0;28.3264342
1.805;24.0971705833333;0.0;28.3048836666667
1.806;24.0988179333333;0.0;28.3202780666667
1.807;24.0967340333333;0.0;28.3662711
1.808;24.0812111333333;0.0;28.3933362333333
1.809;24.06274985;0.0;28.3882675666667
1.81;24.0613929333333;0.0;28.3994457333333
1.811;24.0623406666667;0.0;28.3710238833333
1.812;24.08127655;0.0;28.3677485
1.813;24.0703936;0.0;28.36935165
1.814;24.008287;0.0;28.38585225
1.815;24.01616425;0.0;28.3966444
1.816;24.0605783;0.0;28.41693625
1.817;24.0751295666667;0.0;28.41710125
1.818;24.092832;0.0;28.4266216666667
1.819;24.1498870833333;0.0;28.46230965
1.82;24.14336965;0.0;28.4884317333333
1.821;24.1157349666667;0.0;28.5112081833333
1.822;24.1082911333333;0.0;28.5038317666667
1.823;24.1152344333333;0.0;28.4711188666667
1.824;24.11577975;0.0;28.4513271833333
1.825;24.1051138833333;0.0;28.3689755333333
1.826;24.1029747833333;0.0;28.3530523666667
1.827;24.1101666333333;0.0;28.3901517333333
1.828;24.1281477333333;0.0;28.4357883833333
1.829;24.1137335333333;0.0;28.4111035333333
1.83;24.0849534833333;0.0;28.4506856833333
1.831;24.0639719166667;0.0;28.4617383
1.832;24.0147768666667;0.0;28.4421381166667
1.833;23.9990764;0.0;28.4080698333333
1.834;24.0235646333333;0.0;28.3812900666667
1.835;24.0100500833333;0.0;28.34552235
1.836;23.9984952;0.0;28.2658260833333
1.837;23.96714285;0.0;28.1989715833333
1.838;23.90056965;0.0;28.1989099333333
1.839;23.8621796;0.0;28.1835402333333
1.84;23.8199984;0.0;28.1346959833333
1.841;23.80385645;0.0;28.0689847333333
1.842;23.74597245;0.0;28.0202818833333
1.843;23.658052;0.0;27.947199
1.844;23.5808026;0.0;27.87592695
1.845;23.5067789166667;0.0;27.8456387166667
1.846;23.4003002333333;0.0;27.7687254
1.847;23.2693343;0.0;27.6108814166667
1.848;23.1922028166667;0.0;27.5265876666667
1.849;23.0782632666667;0.0;27.4153434833333
1.85;22.9300897833333;0.0;27.2918309333333
1.851;22.7909029666667;0.0;27.1563613833333
1.852;22.65841405;0.0;27.0156066666667
1.853;22.5156006;0.0;26.87294035
1.854;22.3818715166667;0.0;26.7336088333333
1.855;22.21075945;0.0;26.5662899333333
1.856;22.0137871666667;0.0;26.3653718833333
1.857;21.8004198166667;0.0;26.1646214166667
1.858;21.58326965;0.0;25.9379249833333
1.859;21.34159055;0.0;25.6615709
1.86;21.0929634666667;0.0;25.3895931166667
1.861;20.8330271333333;0.0;25.1029058166667
1.862;20.5691628833333;0.0;24.81954855
1.863;20.2886926166667;0.0;24.5299718666667
1.864;19.9856618;0.0;24.20686065
1.865;19.678179;0.0;23.87708525
1.866;19.3569973833333;0.0;23.5339444833333
1.867;19.0034436166667;0.0;23.15179495
1.868;18.59135145;0.0;22.7061750833333
1.869;18.2176157166667;0.0;22.2944285666667
1.87;17.8628611666667;0.0;21.89872905
1.871;17.4649116333333;0.0;21.4508635166667
1.872;17.0524224166667;0.0;20.9766993166667
1.873;16.6513863833333;0.0;20.5102425166667
1.874;16.2204544;0.0;20.0049283166667
1.875;15.80395435;0.0;19.5243052166667
1.876;15.4361630666667;0.0;19.0743388333333
1.877;15.0420911166667;0.0;18.59332335
1.878;14.6404753333333;0.0;18.1278998333333
1.879;14.21289055;0.0;17.6583548333333
1.88;13.8130091166667;0.0;17.1892023
1.881;13.382565;0.0;16.7110786166667
1.882;13.0024979;0.0;16.2526515166667
1.883;12.67072725;0.0;15.7897081
1.884;12.3229033666667;0.0;15.3316217166667
1.885;12.0003916333333;0.0;14.88820885
1.886;11.6585325833333;0.0;14.4204877
1.887;11.3068025;0.0;13.9822946333333
1.888;10.8923237333333;0.0;13.5363417666667
1.889;10.5750381166667;0.0;13.11599105
1.89;10.3039827;0.0;12.7085736833333
1.891;10.0215724833333;0.0;12.3367677
1.892;9.79279663333333;0.0;12.0070506
1.893;9.55934365;0.0;11.6639701833333
1.894;9.29698485;0.0;11.3366002333333
1.895;9.07206131666667;0.0;11.0207375166667
1.896;8.86020271666667;0.0;10.7404645666667
1.897;8.69100448333333;0.0;10.4653839166667
1.898;8.50342825;0.0;10.2261085833333
1.899;8.29944501666667;0.0;10.0570466833333
1.9;8.14590161666667;0.0;9.866307
1.901;8.05178441666667;0.0;9.66675376666667
1.902;7.92862345;0.0;9.50651581666667
1.903;7.80257751666667;0.0;9.40125086666667
1.904;7.70924541666667;0.0;9.2766118
1.905;7.63713588333333;0.0;9.17109478333333
1.906;7.54774528333333;0.0;9.0760273
1.907;7.4801055;0.0;8.96778026666667
1.908;7.44906561666667;0.0;8.83453895
1.909;7.43372823333333;0.0;8.73748391666667
1.91;7.46171681666667;0.0;8.65349015
1.911;7.42210496666667;0.0;8.58470961666667
1.912;7.35878;0.0;8.55091691666667
1.913;7.32771731666667;0.0;8.49666421666667
1.914;7.27223715;0.0;8.471001
1.915;7.2005056;0.0;8.3935699
1.916;7.14610091666667;0.0;8.3325774
1.917;7.13591688333333;0.0;8.26058095
1.918;7.13065761666667;0.0;8.20525468333333
1.919;7.09625741666667;0.0;8.13002905
1.92;7.09671191666667;0.0;8.10691296666667
1.921;7.18680743333333;0.0;8.13610286666667
1.922;7.20797821666667;0.0;8.12652026666667
1.923;7.20344635;0.0;8.13222755
1.924;7.18058081666667;0.0;8.13739623333333
1.925;7.10936503333333;0.0;8.14395353333333
1.926;7.07355673333333;0.0;8.08857166666667
1.927;7.03677616666667;0.0;8.10092553333333
1.928;6.95050581666667;0.0;8.15860228333333
1.929;6.96506713333333;0.0;8.17726018333333
1.93;7.0926529;0.0;8.21539466666667
1.931;7.10287986666667;0.0;8.20920851666667
1.932;7.08457431666667;0.0;8.13985705
1.933;7.10292905;0.0;8.12830976666667
1.934;7.04922111666667;0.0;8.12604361666667
1.935;7.05285853333333;0.0;8.1230081
1.936;7.11688195;0.0;8.14655483333333
1.937;7.24364068333333;0.0;8.16965056666667
1.938;7.2657836;0.0;8.19291628333333
1.939;7.23534718333333;0.0;8.19980806666667
1.94;7.24697448333333;0.0;8.22175128333333
1.941;7.24923578333333;0.0;8.25974101666667
1.942;7.224853;0.0;8.29717085
1.943;7.1854807;0.0;8.3197401
1.944;7.18535893333333;0.0;8.3696691
1.945;7.15997316666667;0.0;8.4840364
1.946;7.15760845;0.0;8.53151541666667
1.947;7.20902956666667;0.0;8.57029563333333
1.948;7.24680616666667;0.0;8.55570001666667
1.949;7.31807953333333;0.0;8.59210545
1.95;7.41486151666667;0.0;8.6004124
1.951;7.46023266666667;0.0;8.63778438333333
1.952;7.53513045;0.0;8.74725525
1.953;7.5597016;0.0;8.78631308333333
1.954;7.47515615;0.0;8.75166688333333
1.955;7.47664105;0.0;8.78306265
1.956;7.51766663333333;0.0;8.82536941666667
1.957;7.55116961666667;0.0;8.87272413333333
1.958;7.6275398;0.0;8.94784963333333
1.959;7.6738554;0.0;9.04910703333333
1.96;7.70594681666667;0.0;9.11426633333333
1.961;7.72959556666667;0.0;9.16231746666667
1.962;7.72875078333333;0.0;9.20667508333333
1.963;7.66783265;0.0;9.23999266666667
1.964;7.68424558333333;0.0;9.27761726666667
1.965;7.73078881666667;0.0;9.29972451666667
1.966;7.75635608333333;0.0;9.33873353333333
1.967;7.81806186666667;0.0;9.38895171666667
1.968;7.86527385;0.0;9.43773091666667
1.969;7.85363183333333;0.0;9.49721813333333
1.97;7.88886023333333;0.0;9.54790425
1.971;7.95508521666667;0.0;9.59371588333333
1.972;8.09196921666667;0.0;9.63251565
1.973;8.14025943333333;0.0;9.68434203333333
1.974;8.1785112;0.0;9.72328863333333
1.975;8.21176505;0.0;9.79000306666667
1.976;8.17891425;0.0;9.90265468333333
1.977;8.19209221666667;0.0;9.96727901666667
1.978;8.2385564;0.0;10.00697285
1.979;8.27747728333333;0.0;10.0705254666667
1.98;8.31004098333333;0.0;10.1159801666667
1.981;8.35480626666667;0.0;10.1716452833333
1.982;8.40744406666667;0.0;10.23876955
1.983;8.48130031666667;0.0;10.3415753166667
1.984;8.52713271666667;0.0;10.4163547833333
1.985;8.5604046;0.0;10.4890302
1.986;8.61087576666667;0.0;10.5419889666667
1.987;8.67931895;0.0;10.5634785
1.988;8.70509455;0.0;10.625756
1.989;8.7003768;0.0;10.6931642166667
1.99;8.73085463333333;0.0;10.7591360333333
1.991;8.70904536666667;0.0;10.8611593
1.992;8.75030005;0.0;10.9452922333333
1.993;8.82996503333333;0.0;11.0205117
1.994;9.01369351666667;0.0;11.0734486333333
1.995;9.05521771666667;0.0;11.1386303166667
1.996;9.04098866666667;0.0;11.1938549666667
1.997;9.09411478333333;0.0;11.2810926333333
1.998;9.1143669;0.0;11.4056154333333
1.999;9.1469529;0.0;11.4771468333333
2;9.25319886666667;0.0;11.52233145
2.001;9.31531378333333;0.0;11.6065657333333
2.002;9.2924914;0.0;11.7062774
2.003;9.33425396666667;0.0;11.7594930833333
2.004;9.44720548333333;0.0;11.7775898666667
2.005;9.51637951666667;0.0;11.8614796333333
2.006;9.57765796666667;0.0;11.9561440166667
2.007;9.64907113333333;0.0;12.04034175
2.008;9.69132138333333;0.0;12.0902805166667
2.009;9.6903182;0.0;12.1803468666667
2.01;9.718875;0.0;12.25054245
2.011;9.7355145;0.0;12.2231431
2.012;9.78181413333333;0.0;12.27494465
2.013;9.85499853333333;0.0;12.4227342333333
2.014;9.91668346666667;0.0;12.5158239166667
2.015;9.998794;0.0;12.5746807166667
2.016;10.06697145;0.0;12.65496135
2.017;10.1283016166667;0.0;12.7392607166667
2.018;10.17302515;0.0;12.8374736833333
2.019;10.2351576166667;0.0;12.8944586833333
2.02;10.3224105666667;0.0;12.9311105166667
2.021;10.3553044666667;0.0;12.9964793
2.022;10.36433485;0.0;13.0352044333333
2.023;10.37982015;0.0;13.1059881
2.024;10.3293961;0.0;13.2562048166667
2.025;10.3531985166667;0.0;13.32073245
2.026;10.43377355;0.0;13.3111362333333
2.027;10.4917870666667;0.0;13.36211585
2.028;10.5921299333333;0.0;13.4113412
2.029;10.6530798;0.0;13.45994075
2.03;10.6959402666667;0.0;13.5210319
2.031;10.7014736666667;0.0;13.6250417333333
2.032;10.7468622666667;0.0;13.7052282833333
2.033;10.7936237833333;0.0;13.7716246166667
2.034;10.8380853833333;0.0;13.8356370333333
2.035;10.92212315;0.0;13.9200669166667
2.036;10.9521315833333;0.0;13.9778142666667
2.037;10.91508585;0.0;13.9919642
2.038;10.9374610333333;0.0;14.0357191166667
2.039;10.9650659833333;0.0;14.09287015
2.04;11.0018967333333;0.0;14.1468204833333
2.041;11.0718257833333;0.0;14.1867340833333
2.042;11.14417445;0.0;14.255213
2.043;11.2203331333333;0.0;14.3369432333333
2.044;11.3089090166667;0.0;14.46047775
2.045;11.34671795;0.0;14.4894947
2.046;11.3746233;0.0;14.47577445
2.047;11.4096085333333;0.0;14.5147998
2.048;11.3986507;0.0;14.5031525666667
2.049;11.4178736833333;0.0;14.53596785
2.05;11.4558134666667;0.0;14.6346547166667
2.051;11.5048690166667;0.0;14.72740045
2.052;11.6002342;0.0;14.83896405
2.053;11.6221559666667;0.0;14.9052882166667
2.054;11.6072465833333;0.0;14.96769365
2.055;11.6173145;0.0;15.0393164666667
2.056;11.5981033666667;0.0;15.1067771333333
2.057;11.5283685;0.0;15.10524155
2.058;11.5586910833333;0.0;15.13817855
2.059;11.6869057333333;0.0;15.1882316166667
2.06;11.7324531833333;0.0;15.2575638
2.061;11.7689109333333;0.0;15.3274616
2.062;11.8139779333333;0.0;15.3805330166667
2.063;11.8513349166667;0.0;15.4843553833333
2.064;11.8658522666667;0.0;15.5300376333333
2.065;11.8688595833333;0.0;15.47818975
2.066;11.8954663333333;0.0;15.5041519
2.067;11.8751697666667;0.0;15.56885755
2.068;11.9054534166667;0.0;15.6126366
2.069;11.9978721333333;0.0;15.6470319833333
2.07;12.0904486333333;0.0;15.7429386
2.071;12.1534684666667;0.0;15.8009008
2.072;12.2171722166667;0.0;15.8338625166667
2.073;12.2756001333333;0.0;15.89121265
2.074;12.30290115;0.0;15.9855818166667
2.075;12.3638356333333;0.0;16.0173254
2.076;12.4737984833333;0.0;15.9986755833333
2.077;12.5177814666667;0.0;16.0359985333333
2.078;12.5232236;0.0;16.0411855333333
2.079;12.5558605833333;0.0;16.1014366333333
2.08;12.54878805;0.0;16.2753013166667
2.081;12.5741414;0.0;16.3597643333333
2.082;12.6676902333333;0.0;16.41463865
2.083;12.7098755;0.0;16.4685770833333
2.084;12.7104225666667;0.0;16.5108969166667
2.085;12.7319862833333;0.0;16.4870514666667
2.086;12.7747612333333;0.0;16.5043820833333
2.087;12.82061985;0.0;16.5195766666667
2.088;12.8551724166667;0.0;16.5715908666667
2.089;12.9068889333333;0.0;16.6508461333333
2.09;12.9538896166667;0.0;16.6994320666667
2.091;12.9953776833333;0.0;16.7525936
2.092;13.0106191666667;0.0;16.82404695
2.093;13.0072487166667;0.0;16.87865735
2.094;13.0468605166667;0.0;16.9468498
2.095;13.0955833666667;0.0;17.0643042333333
2.096;13.1101538166667;0.0;17.1498869333333
2.097;13.1460229333333;0.0;17.21713345
2.098;13.1764919166667;0.0;17.2742084833333
2.099;13.1584624833333;0.0;17.3491222833333
2.1;13.1388587666667;0.0;17.37171605
2.101;13.1629779333333;0.0;17.3865834
2.102;13.2159558833333;0.0;17.3438058166667
2.103;13.29756025;0.0;17.3929846666667
2.104;13.4446664;0.0;17.4691611666667
2.105;13.4978564333333;0.0;17.5336563
2.106;13.5212857;0.0;17.6628506333333
2.107;13.5847401166667;0.0;17.7382650166667
2.108;13.6167683;0.0;17.7727022333333
2.109;13.6490292;0.0;17.8106929
2.11;13.74947;0.0;17.8155952
2.111;13.7891838833333;0.0;17.862478
2.112;13.7379562666667;0.0;17.9535290333333
2.113;13.73357635;0.0;17.9932726333333
2.114;13.7248633;0.0;18.00180875
2.115;13.7621643;0.0;18.0716451
2.116;13.7757465;0.0;18.1056310833333
2.117;13.7724982166667;0.0;18.06810395
2.118;13.8339390333333;0.0;18.1127541166667
2.119;13.9479140666667;0.0;18.2385144
2.12;13.9906481666667;0.0;18.2792013166667
2.121;14.0443373333333;0.0;18.2940702833333
2.122;14.1026807166667;0.0;18.3259901333333
2.123;14.10330475;0.0;18.3047456833333
2.124;14.13422635;0.0;18.34428015
2.125;14.22498895;0.0;18.4530702833333
2.126;14.27611095;0.0;18.5146625333333
2.127;14.2826395833333;0.0;18.5843113
2.128;14.3130752666667;0.0;18.6320301
2.129;14.3669679166667;0.0;18.6241188666667
2.13;14.40318175;0.0;18.6472380833333
2.131;14.4091942666667;0.0;18.7425316166667
2.132;14.4116395;0.0;18.8272558166667
2.133;14.4008072;0.0;18.8441513
2.134;14.3503907833333;0.0;18.8479541666667
2.135;14.3267828166667;0.0;18.86733145
2.136;14.3019476333333;0.0;18.7882294166667
2.137;14.3133490166667;0.0;18.8364578
2.138;14.3195551333333;0.0;18.9947163166667
2.139;14.38379525;0.0;19.0824228666667
2.14;14.5645702;0.0;19.2250096
2.141;14.6113648833333;0.0;19.2792582166667
2.142;14.5653123;0.0;19.2125619
2.143;14.6307517333333;0.0;19.2624020666667
2.144;14.74580015;0.0;19.3622928333333
2.145;14.7643723666667;0.0;19.3928293166667
2.146;14.793353;0.0;19.4313409666667
2.147;14.8319708166667;0.0;19.50728625
2.148;14.8088785666667;0.0;19.4700897333333
2.149;14.7657219333333;0.0;19.4597824833333
2.15;14.8191723166667;0.0;19.5087461166667
2.151;15.0389772333333;0.0;19.6479212666667
2.152;15.0757919166667;0.0;19.6934563333333
2.153;15.0394335833333;0.0;19.7267258
2.154;15.0180824333333;0.0;19.7429389833333
2.155;14.92895365;0.0;19.7158673
2.156;14.9028151833333;0.0;19.70985795
2.157;14.8613417833333;0.0;19.67925845
2.158;14.9136581;0.0;19.7094996666667
2.159;15.0676730666667;0.0;19.7749230833333
2.16;15.1312935833333;0.0;19.8075250833333
2.161;15.2182112166667;0.0;19.88079795
2.162;15.30407005;0.0;19.9404487333333
2.163;15.3490326666667;0.0;19.9686726
2.164;15.37021975;0.0;19.9961978833333
2.165;15.4097167666667;0.0;20.0566938833333
2.166;15.4461191833333;0.0;20.0653476333333
2.167;15.3432423166667;0.0;20.0129359
2.168;15.2947481166667;0.0;20.0028425166667
2.169;15.2948891833333;0.0;20.0482318666667
2.17;15.3421492833333;0.0;20.1704039833333
2.171;15.3310530666667;0.0;20.16230685
2.172;15.3384777833333;0.0;20.1124137
2.173;15.3252627833333;0.0;20.1282283333333
2.174;15.2078924333333;0.0;20.0852812333333
2.175;15.2499203833333;0.0;20.0906999833333
2.176;15.4425465333333;0.0;20.2013464833333
2.177;15.5040640833333;0.0;20.2610519833333
2.178;15.5502425833333;0.0;20.26363265
2.179;15.6206426833333;0.0;20.2932796666667
2.18;15.62771345;0.0;20.37577025
2.181;15.6592037;0.0;20.4274148833333
2.182;15.8134568666667;0.0;20.4543795166667
2.183;15.8625419333333;0.0;20.4778712166667
2.184;15.8096548;0.0;20.4875186333333
2.185;15.7532979666667;0.0;20.4982349333333
2.186;15.80559385;0.0;20.52008945
2.187;15.8249078;0.0;20.5264524
2.188;15.8322827333333;0.0;20.5041596
2.189;15.8813903833333;0.0;20.5145450333333
2.19;15.88622605;0.0;20.5251695166667
2.191;15.8160529833333;0.0;20.5266414166667
2.192;15.7704485666667;0.0;20.5348306
2.193;15.7303300833333;0.0;20.5728734166667
2.194;15.7218221333333;0.0;20.5925629333333
2.195;15.6712195166667;0.0;20.5741612166667
2.196;15.7094248833333;0.0;20.6057694166667
2.197;15.86753535;0.0;20.6830677333333
2.198;15.9504878833333;0.0;20.7124711166667
2.199;16.0288276333333;0.0;20.7245616833333
2.2;16.0994860333333;0.0;20.7895406666667
2.201;16.16959245;0.0;20.89166695
2.202;16.2011097166667;0.0;20.9236150166667
2.203;16.2022739333333;0.0;20.9444115
2.204;16.2207514166667;0.0;20.9731896166667
2.205;16.23570955;0.0;20.9496060666667
2.206;16.1937619666667;0.0;20.9313255666667
2.207;16.1910527;0.0;20.9369957666667
2.208;16.2198702666667;0.0;20.9686205333333
2.209;16.2021961333333;0.0;20.9628327333333
2.21;16.1773611;0.0;20.9370609333333
2.211;16.20083995;0.0;20.88360325
2.212;16.2714244666667;0.0;20.7838314
2.213;16.2671575333333;0.0;20.7952964
2.214;16.2481427666667;0.0;20.8217345
2.215;16.2619913;0.0;20.83303335
2.216;16.2483401333333;0.0;20.9486221333333
2.217;16.2268363666667;0.0;20.9788584333333
2.218;16.2371793333333;0.0;20.9366313
2.219;16.2367312833333;0.0;20.90093415
2.22;16.1825508166667;0.0;20.8469776833333
2.221;16.1714217333333;0.0;20.8159334833333
2.222;16.18645555;0.0;20.7278392
2.223;16.2300374333333;0.0;20.7246844666667
2.224;16.3956313;0.0;20.8642898333333
2.225;16.3731529;0.0;20.8823567333333
2.226;16.2287418833333;0.0;20.8423805333333
2.227;16.1677295333333;0.0;20.8379221666667
2.228;16.01750765;0.0;20.8355543
2.229;15.8611640333333;0.0;20.73372895
2.23;15.8904815166667;0.0;20.6729625833333
2.231;15.9693569833333;0.0;20.6563863833333
2.232;15.9774573666667;0.0;20.6918275833333
2.233;15.94212585;0.0;20.7540906333333
2.234;15.9067649;0.0;20.6869568166667
2.235;15.8895432333333;0.0;20.5343825
2.236;15.8174312666667;0.0;20.45421855
2.237;15.73676515;0.0;20.2505165833333
2.238;15.60194425;0.0;20.14821845
2.239;15.3060401;0.0;20.1977419833333
2.24;15.2423784666667;0.0;20.1615800166667
2.241;15.31428945;0.0;20.0360028666667
2.242;15.2884046666667;0.0;19.9602922333333
2.243;15.3946677333333;0.0;19.9815914666667
2.244;15.36119945;0.0;19.8845213333333
2.245;15.1220817;0.0;19.6843889833333
2.246;15.0137740833333;0.0;19.58259465
2.247;14.9760193833333;0.0;19.4799312666667
2.248;14.8913795833333;0.0;19.3536234
2.249;14.8353419666667;0.0;19.2893268666667
2.25;14.7281078833333;0.0;19.1831156166667
2.251;14.5245755833333;0.0;19.0042768333333
2.252;14.3820871666667;0.0;18.8472373666667
2.253;14.2339521833333;0.0;18.7317370333333
2.254;14.1474187666667;0.0;18.5753780666667
2.255;14.1696382333333;0.0;18.3857992166667
2.256;14.11004275;0.0;18.1746493
2.257;14.0507307666667;0.0;18.00674205
2.258;13.923896;0.0;17.8619587
2.259;13.58777635;0.0;17.7028543333333
2.26;13.3010748333333;0.0;17.6049511
2.261;13.2322839333333;0.0;17.4466748833333
2.262;13.1312505833333;0.0;17.23895675
2.263;13.0018305833333;0.0;17.0641548666667
2.264;12.9858079833333;0.0;16.8660989666667
2.265;12.89884215;0.0;16.6983459333333
2.266;12.6529505333333;0.0;16.567057
2.267;12.5844409166667;0.0;16.3983773666667
2.268;12.6994023333333;0.0;16.21417125
2.269;12.6033246666667;0.0;16.06237085
2.27;12.4437863166667;0.0;15.9353173833333
2.271;12.3098973;0.0;15.7584713166667
2.272;12.0639557833333;0.0;15.5612096833333
2.273;11.9203295166667;0.0;15.40900095
2.274;11.7945987;0.0;15.23574895
2.275;11.7855487833333;0.0;15.08388435
2.276;11.9156453833333;0.0;14.934875
2.277;11.9071117833333;0.0;14.8558307
2.278;11.9571783833333;0.0;14.8314783666667
2.279;11.9618836333333;0.0;14.7808415833333
2.28;11.8244081833333;0.0;14.7749503833333
2.281;11.7453477166667;0.0;14.7957078
2.282;11.6579441833333;0.0;14.8258734666667
2.283;11.65112285;0.0;14.8289101
2.284;11.6993379;0.0;14.8634809666667
2.285;11.7176160333333;0.0;14.88621775
2.286;11.7642408333333;0.0;14.9215389666667
2.287;11.9083181;0.0;14.8150993333333
2.288;12.0624859666667;0.0;14.72867655
2.289;11.9783732166667;0.0;14.8078416
2.29;11.9152749166667;0.0;14.96814175
2.291;11.8638811666667;0.0;15.0194141166667
2.292;11.4858993666667;0.0;14.9231365
2.293;11.2980240166667;0.0;14.79943585
2.294;11.4114907333333;0.0;14.64867865
2.295;11.2759878166667;0.0;14.4794813333333
2.296;11.2660886166667;0.0;14.3694739166667
2.297;11.3970334666667;0.0;14.4038123
2.298;11.2958185833333;0.0;14.3761494666667
2.299;10.9374420166667;0.0;14.2818373166667
2.3;10.8518723;0.0;14.21993965
2.301;10.8226874666667;0.0;14.2280537333333
2.302;10.7290019;0.0;14.1496729
2.303;10.7102707166667;0.0;14.0438703333333
2.304;10.7005723;0.0;13.84367695
2.305;10.7155965;0.0;13.56265385
2.306;10.57487725;0.0;13.3604687833333
2.307;10.3558447166667;0.0;13.00976505
2.308;10.28978675;0.0;12.9000809666667
2.309;10.11722095;0.0;13.0700657166667
2.31;10.01127995;0.0;12.9958670166667
2.311;10.11700165;0.0;12.82576865
2.312;10.14937315;0.0;12.8181219166667
2.313;10.0381111;0.0;12.8046413666667
2.314;10.0711751;0.0;12.7856104
2.315;10.3695294333333;0.0;12.9601547
2.316;10.37856125;0.0;12.9588863333333
2.317;10.0966053;0.0;12.6974502666667
2.318;10.1553638333333;0.0;12.6632104
2.319;10.3656311666667;0.0;12.79761255
2.32;10.3873411666667;0.0;12.8215760833333
2.321;10.55912215;0.0;12.8621414666667
2.322;10.6504296333333;0.0;12.8720123
2.323;10.4699529666667;0.0;12.7189578333333
2.324;10.3975898833333;0.0;12.7322135
2.325;10.3487958166667;0.0;12.9089973333333
2.326;10.451797;0.0;13.0111181166667
2.327;10.7619039333333;0.0;13.18981535
2.328;10.78720565;0.0;13.2802554333333
2.329;10.7350545333333;0.0;13.3018801
2.33;10.8225268333333;0.0;13.2772516666667
2.331;10.61534135;0.0;13.2054900333333
2.332;10.4610052166667;0.0;13.2262281333333
2.333;10.459302;0.0;13.22801445
2.334;10.3580219333333;0.0;13.1076635333333
2.335;10.3228225166667;0.0;13.0239815166667
2.336;10.2441149166667;0.0;12.8490000333333
2.337;10.3348317166667;0.0;12.7659853166667
2.338;10.5650598166667;0.0;12.89387735
2.339;10.5230197333333;0.0;13.0191517833333
2.34;10.4715233333333;0.0;13.0669413
2.341;10.28037775;0.0;13.1384650666667
2.342;10.0413431833333;0.0;13.2146586333333
2.343;10.2421929833333;0.0;13.1559404833333
2.344;10.2493051166667;0.0;13.0034904333333
2.345;10.0358677;0.0;12.6438062
2.346;10.1283594666667;0.0;12.2403445666667
2.347;10.191966;0.0;12.2376901666667
2.348;10.2418591;0.0;12.35740755
2.349;10.2367353333333;0.0;12.2657185833333
2.35;10.2109674666667;0.0;12.3338237
2.351;10.2245435666667;0.0;12.3187688333333
2.352;9.86893231666667;0.0;12.1277483333333
2.353;9.7351856;0.0;12.1539788
2.354;9.89897703333333;0.0;12.4713868666667
2.355;9.95023196666667;0.0;12.4568848333333
2.356;9.9075055;0.0;12.3526029166667
2.357;9.85477728333333;0.0;12.2380699666667
2.358;9.85362026666667;0.0;11.9092703333333
2.359;9.8148238;0.0;11.84040855
2.36;9.5851327;0.0;11.8461899
2.361;9.58446808333333;0.0;11.9010647
2.362;9.84760576666667;0.0;12.18887805
2.363;9.9043103;0.0;12.2346948666667
2.364;9.96308246666667;0.0;12.1788785833333
2.365;9.851209;0.0;12.1875930666667
2.366;9.45167966666667;0.0;12.11831315
2.367;9.4680974;0.0;12.07095005
2.368;9.57643358333333;0.0;12.01049835
2.369;9.60085383333333;0.0;12.0739643333333
2.37;9.92351853333333;0.0;12.2629718666667
2.371;10.01461295;0.0;12.2539160666667
2.372;9.90608611666667;0.0;12.2718073833333
2.373;9.78011543333333;0.0;12.2760071
2.374;9.57275668333333;0.0;12.01972205
2.375;9.52810063333333;0.0;11.9120312833333
2.376;9.46982841666667;0.0;12.0621363166667
2.377;9.36310391666667;0.0;12.0268366166667
2.378;9.43851275;0.0;11.7802645166667
2.379;9.36833921666667;0.0;11.79666195
2.38;8.9178986;0.0;11.9185110833333
2.381;8.85358188333333;0.0;11.8415054
2.382;9.02172218333333;0.0;11.87434845
2.383;9.18641581666667;0.0;11.8985337333333
2.384;9.68840483333333;0.0;11.75054905
2.385;9.85186126666667;0.0;11.6324236666667
2.386;9.82061888333333;0.0;11.60612185
2.387;9.84485416666667;0.0;11.56867955
2.388;9.63287093333333;0.0;11.30016065
2.389;9.63193648333333;0.0;11.2926756333333
2.39;9.89730741666667;0.0;11.6068269666667
2.391;9.93564996666667;0.0;11.68785065
2.392;9.84411036666667;0.0;11.7722399166667
2.393;9.81931433333333;0.0;11.7988539666667
2.394;9.77486425;0.0;11.7041640333333
2.395;9.71462585;0.0;11.6091167333333
2.396;9.68682348333333;0.0;11.5441482666667
2.397;9.70467203333333;0.0;11.38699615
2.398;9.69449866666667;0.0;11.1255213333333
2.399;9.60102675;0.0;10.8986247166667
2.4;9.60249958333333;0.0;10.4517291166667
2.401;9.45166786666667;0.0;10.37474835
2.402;8.95613555;0.0;10.6025562
2.403;8.85415563333333;0.0;10.6199635
2.404;8.9288416;0.0;10.648114
2.405;8.9998981;0.0;10.8388711833333
2.406;9.36127156666667;0.0;11.2223788166667
2.407;9.52361803333333;0.0;11.2326305166667
2.408;9.55276635;0.0;11.1300730666667
2.409;9.52105175;0.0;11.1496258166667
2.41;9.42187101666667;0.0;10.83651325
2.411;9.40351271666667;0.0;10.8201943
2.412;9.30141526666667;0.0;11.25927765
2.413;9.35011218333333;0.0;11.3842793333333
2.414;9.61690858333333;0.0;11.2534193666667
2.415;9.6336339;0.0;11.23301665
2.416;9.50014738333333;0.0;11.3352799
2.417;9.41095225;0.0;11.3201563666667
2.418;9.25918395;0.0;11.1864792833333
2.419;9.22293785;0.0;11.1255381833333
2.42;9.44374065;0.0;11.1298718333333
2.421;9.29302966666667;0.0;10.8551474833333
2.422;8.63270318333333;0.0;10.32122135
2.423;8.57432053333333;0.0;10.2344881333333
2.424;8.76524271666667;0.0;10.2034069
2.425;8.7064196;0.0;10.0982189333333
2.426;9.05113186666667;0.0;10.3447688833333
2.427;9.32119341666667;0.0;10.46777015
2.428;9.19569323333333;0.0;10.3868585833333
2.429;9.08672106666667;0.0;10.3179844
2.43;9.26668315;0.0;10.2588303
2.431;9.12356868333333;0.0;10.2048321166667
2.432;8.57298841666667;0.0;10.22484255
2.433;8.28016261666667;0.0;9.91402095
2.434;7.93388156666667;0.0;9.3019827
2.435;7.81229091666667;0.0;9.17370466666667
2.436;7.58723973333333;0.0;8.99195281666667
2.437;7.75805408333333;0.0;8.92961968333333
2.438;8.76968541666667;0.0;9.37125483333333
2.439;8.96491698333333;0.0;9.65512323333333
2.44;8.91313731666667;0.0;9.63929335
2.441;9.01798891666667;0.0;9.79766816666667
2.442;8.74724933333333;0.0;10.4726786333333
2.443;8.42403846666667;0.0;10.36931725
2.444;8.15986223333333;0.0;9.64425981666667
2.445;8.24230165;0.0;9.7458743
2.446;8.19085231666667;0.0;9.90328895
2.447;8.4739657;0.0;10.2981888666667
2.448;8.79221776666667;0.0;10.5066516833333
2.449;7.73318396666667;0.0;10.2656321666667
2.45;6.92820543333333;0.0;10.0900076333333
2.451;7.52559728333333;0.0;10.1064805666667
2.452;8.08050476666667;0.0;9.73553246666667
2.453;8.15536608333333;0.0;9.27036043333333
2.454;8.47443091666667;0.0;9.14529721666667
2.455;8.46770188333333;0.0;8.77949043333333
2.456;7.67703193333333;0.0;8.61511086666667
2.457;7.51891598333333;0.0;8.80725185
2.458;8.47386975;0.0;8.72608835
2.459;8.84646143333333;0.0;9.05555091666667
2.46;8.59314951666667;0.0;9.49190593333333
2.461;8.46676926666667;0.0;9.61917275
2.462;8.2727094;0.0;9.9023957
2.463;7.68375841666667;0.0;9.43550763333333
2.464;7.12776986666667;0.0;8.65553021666667
2.465;7.02988888333333;0.0;8.79078961666667
2.466;6.63140748333333;0.0;8.76976185
2.467;6.44662325;0.0;8.62412106666667
2.468;6.59486971666667;0.0;9.31213505
2.469;6.73098201666667;0.0;9.5169242
2.47;7.26655273333333;0.0;8.88453901666667
2.471;6.78325325;0.0;9.09110121666667
2.472;6.48481046666667;0.0;9.54635486666667
2.473;8.1071459;0.0;8.90417196666667
2.474;9.23880381666667;0.0;8.3837326
2.475;9.18968795;0.0;8.46560865
2.476;9.45848758333333;0.0;8.26206985
2.477;8.38135133333333;0.0;8.67629146666667
2.478;5.86052103333333;0.0;9.3086755
2.479;5.13525198333333;0.0;8.87372848333333
2.48;5.50309466666667;0.0;8.00346816666667
2.481;5.76505041666667;0.0;8.54532233333333
2.482;6.34636811666667;0.0;8.58510365
2.483;9.01758285;0.0;9.01759758333333
2.484;9.45961786666667;0.0;9.43075168333333
2.485;7.76017675;0.0;9.24566095
2.486;8.227444;0.0;8.94640918333333
2.487;9.1492573;0.0;8.3624865
2.488;9.37359096666667;0.0;8.28933026666667
2.489;11.2570526333333;0.0;8.16301411666667
2.49;11.4207788833333;0.0;7.88196998333333
2.491;9.03432598333333;0.0;8.34661715
2.492;8.6768949;0.0;8.8398637
2.493;9.00885465;0.0;9.01109588333333
2.494;9.39600438333333;0.0;9.1077944
2.495;10.7918411833333;0.0;9.483433
2.496;10.5471852333333;0.0;9.9088614
2.497;8.88793338333333;0.0;9.67144135
2.498;8.56328958333333;0.0;9.963876
2.499;9.28874625;0.0;11.3357690333333
2.5;9.99287868333333;0.0;11.9193320166667
