wavelength;reflectance;direct_transmittance;diffuse_transmittance
0.4;3.5090362;0.0;0.2837971
0.401;3.4580219;0.0;0.2776878
0.402;3.5245668;0.0;0.3400076
0.403;3.5125472;0.0;0.3283481
0.404;3.4624491;0.0;0.2875929
0.405;3.4657278;0.0;0.3005343
0.406;3.5145161;0.0;0.347784
0.407;3.5441658;0.0;0.3840403
0.408;3.5256899;0.0;0.3946573
0.409;3.5226087;0.0;0.449102
0.41;3.4875697;0.0;0.4424354
0.411;3.4516355;0.0;0.4046318
0.412;3.5266504;0.0;0.4971364
0.413;3.5432976;0.0;0.5488159
0.414;3.5146116;0.0;0.5503144
0.415;3.5088535;0.0;0.5464507
0.416;3.5149957;0.0;0.5859921
0.417;3.5266176;0.0;0.6289911
0.418;3.5437452;0.0;0.6513395
0.419;3.5962174;0.0;0.7201472
0.42;3.6075984;0.0;0.7647865
0.421;3.5813907;0.0;0.7774941
0.422;3.6292573;0.0;0.8361318
0.423;3.6365799;0.0;0.8426515
0.424;3.6173926;0.0;0.831681
0.425;3.6350382;0.0;0.8879397
0.426;3.6383065;0.0;0.9209732
0.427;3.6401291;0.0;0.943662
0.428;3.6555172;0.0;0.9782618
0.429;3.6599334;0.0;1.007279
0.43;3.6669867;0.0;1.0207969
0.431;3.6758398;0.0;1.0208708
0.432;3.6486973;0.0;1.0250198
0.433;3.6670816;0.0;1.0648311
0.434;3.7110351;0.0;1.1154294
0.435;3.6943811;0.0;1.1125664
0.436;3.6802919;0.0;1.1259342
0.437;3.6794879;0.0;1.1500047
0.438;3.6872116;0.0;1.1633396
0.439;3.6821079;0.0;1.1706944
0.44;3.6910854;0.0;1.2002044
0.441;3.7216378;0.0;1.2577236
0.442;3.7212869;0.0;1.2896313
0.443;3.7152728;0.0;1.3180034
0.444;3.7100792;0.0;1.3516636
0.445;3.6927014;0.0;1.3878119
0.446;3.6965485;0.0;1.4227861
0.447;3.7073786;0.0;1.4590294
0.448;3.6964404;0.0;1.5024667
0.449;3.7148617;0.0;1.5690832
0.45;3.7341154;0.0;1.6285374
0.451;3.7296908;0.0;1.6623016
0.452;3.7432783;0.0;1.7278183
0.453;3.7617413;0.0;1.7910022
0.454;3.7733961;0.0;1.8335898
0.455;3.7673471;0.0;1.8628621
0.456;3.7704894;0.0;1.9001532
0.457;3.7823821;0.0;1.9407759
0.458;3.7859066;0.0;1.9631765
0.459;3.7754687;0.0;1.9761018
0.46;3.7661854;0.0;1.9872229
0.461;3.7733211;0.0;2.0032201
0.462;3.7727491;0.0;2.0223201
0.463;3.772104;0.0;2.0431703
0.464;3.7773175;0.0;2.0632211
0.465;3.7853596;0.0;2.0776508
0.466;3.7812346;0.0;2.0836732
0.467;3.7650726;0.0;2.0807166
0.468;3.7519518;0.0;2.0692875
0.469;3.7563188;0.0;2.0748983
0.47;3.7688775;0.0;2.0958862
0.471;3.7703104;0.0;2.1184794
0.472;3.7641432;0.0;2.1367529
0.473;3.7549491;0.0;2.1470078
0.474;3.7489147;0.0;2.1503404
0.475;3.755599;0.0;2.1595224
0.476;3.7740846;0.0;2.1843286
0.477;3.7932187;0.0;2.2200165
0.478;3.7806925;0.0;2.2370635
0.479;3.7696128;0.0;2.2463641
0.48;3.7662748;0.0;2.2534067
0.481;3.7618534;0.0;2.2625765
0.482;3.7694982;0.0;2.2858618
0.483;3.7813747;0.0;2.3139896
0.484;3.7845647;0.0;2.3331121
0.485;3.7717027;0.0;2.3422387
0.486;3.770698;0.0;2.3659256
0.487;3.7911459;0.0;2.4123272
0.488;3.7845759;0.0;2.4401856
0.489;3.772841;0.0;2.4626107
0.49;3.7708093;0.0;2.4936735
0.491;3.789727;0.0;2.5528723
0.492;3.7994345;0.0;2.6064865
0.493;3.804232;0.0;2.6618106
0.494;3.8229684;0.0;2.7422726
0.495;3.8449391;0.0;2.8212431
0.496;3.8594492;0.0;2.9037472
0.497;3.8640816;0.0;2.9994395
0.498;3.8965105;0.0;3.1125971
0.499;3.922152;0.0;3.2236153
0.5;3.9273189;0.0;3.3292795
0.501;3.9440237;0.0;3.459041
0.502;3.9773981;0.0;3.6133529
0.503;4.0197649;0.0;3.7848126
0.504;4.0502173;0.0;3.957189
0.505;4.0960008;0.0;4.1439347
0.506;4.1486383;0.0;4.3475667
0.507;4.191743;0.0;4.566991
0.508;4.2511587;0.0;4.7972292
0.509;4.3226214;0.0;5.0524759
0.51;4.3992227;0.0;5.33838
0.511;4.4794359;0.0;5.6243764
0.512;4.5709179;0.0;5.9231498
0.513;4.6774527;0.0;6.2431525
0.514;4.7984987;0.0;6.5887563
0.515;4.9277716;0.0;6.9461664
0.516;5.0623721;0.0;7.3142398
0.517;5.2018234;0.0;7.6993381
0.518;5.3679523;0.0;8.0984537
0.519;5.5529499;0.0;8.5119222
0.52;5.7427507;0.0;8.938413
0.521;5.941177;0.0;9.3645037
0.522;6.1490386;0.0;9.7886064
0.523;6.3642873;0.0;10.2092854
0.524;6.5785626;0.0;10.6232187
0.525;6.7928291;0.0;11.0253067
0.526;7.0060385;0.0;11.4111971
0.527;7.2148757;0.0;11.7766256
0.528;7.4237943;0.0;12.1347643
0.529;7.6236284;0.0;12.4723629
0.53;7.8000046;0.0;12.7655398
0.531;7.9730374;0.0;13.0456252
0.532;8.1399153;0.0;13.3108789
0.533;8.2936182;0.0;13.5531319
0.534;8.4323769;0.0;13.7691565
0.535;8.5526498;0.0;13.9586553
0.536;8.6563436;0.0;14.1263111
0.537;8.75715;0.0;14.2879753
0.538;8.8480212;0.0;14.4295497
0.539;8.9252935;0.0;14.5483803
0.54;8.9867048;0.0;14.6507537
0.541;9.0448547;0.0;14.7444321
0.542;9.100947;0.0;14.8326158
0.543;9.1517196;0.0;14.9160424
0.544;9.1943923;0.0;14.9891182
0.545;9.2400009;0.0;15.0642191
0.546;9.2954466;0.0;15.1497534
0.547;9.3431221;0.0;15.2283311
0.548;9.3869356;0.0;15.2998181
0.549;9.4277215;0.0;15.364423
0.55;9.4582551;0.0;15.421006
0.551;9.4868951;0.0;15.4736644
0.552;9.5119968;0.0;15.5187085
0.553;9.5246341;0.0;15.5462716
0.554;9.519379;0.0;15.5518998
0.555;9.5014039;0.0;15.5395291
0.556;9.4782804;0.0;15.5146976
0.557;9.4411997;0.0;15.4654466
0.558;9.3890051;0.0;15.398233
0.559;9.3225637;0.0;15.3184064
0.56;9.2447185;0.0;15.2182474
0.561;9.1587609;0.0;15.105064
0.562;9.0667573;0.0;14.9833062
0.563;8.969615;0.0;14.8538474
0.564;8.8651249;0.0;14.7135501
0.565;8.7514336;0.0;14.5589297
0.566;8.626831;0.0;14.3861162
0.567;8.4962718;0.0;14.203626
0.568;8.3615852;0.0;14.0086665
0.569;8.222358;0.0;13.7968986
0.57;8.0669849;0.0;13.5730424
0.571;7.914888;0.0;13.3487784
0.572;7.7767167;0.0;13.1294629
0.573;7.6285042;0.0;12.899058
0.574;7.4829231;0.0;12.671091
0.575;7.347239;0.0;12.4545901
0.576;7.2222188;0.0;12.2532542
0.577;7.1082993;0.0;12.0652924
0.578;7.0035852;0.0;11.8869317
0.579;6.9045403;0.0;11.71298
0.58;6.8116519;0.0;11.5521285
0.581;6.7238325;0.0;11.4012238
0.582;6.6399622;0.0;11.2554876
0.583;6.5603755;0.0;11.1181765
0.584;6.4869572;0.0;10.9884116
0.585;6.4199055;0.0;10.8653212
0.586;6.3549557;0.0;10.7486489
0.587;6.2991662;0.0;10.6426942
0.588;6.2491586;0.0;10.5452913
0.589;6.1898312;0.0;10.4471539
0.59;6.1417874;0.0;10.3619485
0.591;6.1035402;0.0;10.287187
0.592;6.0650392;0.0;10.2142147
0.593;6.029789;0.0;10.1480291
0.594;5.9985975;0.0;10.0899545
0.595;5.9717035;0.0;10.0401716
0.596;5.9485653;0.0;9.9971568
0.597;5.9269812;0.0;9.9565523
0.598;5.9048256;0.0;9.915307
0.599;5.8792943;0.0;9.872279
0.6;5.856285;0.0;9.8320987
0.601;5.8355656;0.0;9.7921211
0.602;5.8117804;0.0;9.7431707
0.603;5.7831977;0.0;9.6864204
0.604;5.7524532;0.0;9.6240165
0.605;5.7230439;0.0;9.5581842
0.606;5.6855482;0.0;9.4829121
0.607;5.6425042;0.0;9.3974148
0.608;5.5974701;0.0;9.3025552
0.609;5.5494646;0.0;9.2003199
0.61;5.5011388;0.0;9.0975962
0.611;5.4544421;0.0;8.9967619
0.612;5.4118042;0.0;8.8931609
0.613;5.358525;0.0;8.7821485
0.614;5.3020731;0.0;8.6695343
0.615;5.2655499;0.0;8.5694382
0.616;5.2290371;0.0;8.4727914
0.617;5.1882027;0.0;8.3759767
0.618;5.1447854;0.0;8.2785881
0.619;5.1126712;0.0;8.1936086
0.62;5.0855598;0.0;8.117523
0.621;5.0569316;0.0;8.0456993
0.622;5.0257361;0.0;7.9750986
0.623;5.0018316;0.0;7.9160235
0.624;4.9875393;0.0;7.8719349
0.625;4.9751296;0.0;7.8374805
0.626;4.9706115;0.0;7.8137885
0.627;4.9668235;0.0;7.7959496
0.628;4.9513504;0.0;7.7765806
0.629;4.9438091;0.0;7.7634767
0.63;4.9392091;0.0;7.7535678
0.631;4.9301938;0.0;7.7418406
0.632;4.9262029;0.0;7.7269789
0.633;4.918042;0.0;7.7023633
0.634;4.901258;0.0;7.6637543
0.635;4.884473;0.0;7.6127822
0.636;4.8569526;0.0;7.5406219
0.637;4.8202738;0.0;7.4478483
0.638;4.7876422;0.0;7.3437546
0.639;4.7451371;0.0;7.2215255
0.64;4.6980811;0.0;7.0852371
0.641;4.6574341;0.0;6.9422157
0.642;4.6120388;0.0;6.7885536
0.643;4.563613;0.0;6.6284805
0.644;4.5154266;0.0;6.4656129
0.645;4.4690875;0.0;6.2971412
0.646;4.4203906;0.0;6.1263786
0.647;4.3710759;0.0;5.9589054
0.648;4.3341194;0.0;5.8041415
0.649;4.3053631;0.0;5.6666285
0.65;4.2821882;0.0;5.5485205
0.651;4.2619713;0.0;5.4497889
0.652;4.2467041;0.0;5.3651809
0.653;4.2345582;0.0;5.2900108
0.654;4.2229696;0.0;5.2195917
0.655;4.2125466;0.0;5.1497168
0.656;4.2019996;0.0;5.0740028
0.657;4.1898328;0.0;4.9863055
0.658;4.1737988;0.0;4.8802652
0.659;4.1582169;0.0;4.7591895
0.66;4.143251;0.0;4.6245028
0.661;4.1232976;0.0;4.4744507
0.662;4.1065758;0.0;4.3225494
0.663;4.0919154;0.0;4.168553
0.664;4.0744817;0.0;4.0065623
0.665;4.0662018;0.0;3.8542904
0.666;4.0646888;0.0;3.7107141
0.667;4.0660805;0.0;3.5736741
0.668;4.0759756;0.0;3.4564518
0.669;4.0874028;0.0;3.3508337
0.67;4.0993408;0.0;3.2529985
0.671;4.1249013;0.0;3.1732041
0.672;4.1530221;0.0;3.1079142
0.673;4.1830466;0.0;3.0569259
0.674;4.2219726;0.0;3.02363
0.675;4.2640973;0.0;3.0002822
0.676;4.3098972;0.0;2.985581
0.677;4.3613024;0.0;2.9807856
0.678;4.4143139;0.0;2.9878337
0.679;4.4741133;0.0;3.0105148
0.68;4.5435769;0.0;3.0529646
0.681;4.6154999;0.0;3.1185795
0.682;4.6864288;0.0;3.2134243
0.683;4.7566771;0.0;3.3455631
0.684;4.8315969;0.0;3.5258517
0.685;4.9101911;0.0;3.7591257
0.686;4.9904729;0.0;4.05176
0.687;5.0701295;0.0;4.4106938
0.688;5.1587092;0.0;4.8450615
0.689;5.2662237;0.0;5.3619569
0.69;5.4026982;0.0;5.966085
0.691;5.5741777;0.0;6.6543893
0.692;5.7957875;0.0;7.4310087
0.693;6.0787093;0.0;8.294595
0.694;6.4262525;0.0;9.2342306
0.695;6.843225;0.0;10.2386091
0.696;7.3306474;0.0;11.297175
0.697;7.8855375;0.0;12.3985407
0.698;8.5076722;0.0;13.5279052
0.699;9.1903425;0.0;14.6767229
0.7;9.9228393;0.0;15.8363782
0.701;10.692976;0.0;16.9893541
0.702;11.4924248;0.0;18.1253228
0.703;12.3135935;0.0;19.2375449
0.704;13.1508721;0.0;20.3275025
0.705;13.9877732;0.0;21.3809049
0.706;14.819256;0.0;22.3949744
0.707;15.6550035;0.0;23.3811724
0.708;16.4821837;0.0;24.3355281
0.709;17.3005323;0.0;25.2589096
0.71;18.1156436;0.0;26.1546911
0.711;18.9287506;0.0;27.0338131
0.712;19.7352495;0.0;27.8905945
0.713;20.5318771;0.0;28.7203184
0.714;21.3253931;0.0;29.53678
0.715;22.1164693;0.0;30.3389615
0.716;22.9038225;0.0;31.1254463
0.717;23.684499;0.0;31.8967343
0.718;24.4583584;0.0;32.6521445
0.719;25.2234246;0.0;33.3922025
0.72;25.9776387;0.0;34.1191849
0.721;26.7213841;0.0;34.8240549
0.722;27.4536633;0.0;35.5105514
0.723;28.1738265;0.0;36.1851832
0.724;28.8737246;0.0;36.8366977
0.725;29.5552084;0.0;37.4651199
0.726;30.2197575;0.0;38.0723691
0.727;30.8639195;0.0;38.6610577
0.728;31.486429;0.0;39.225855
0.729;32.0877943;0.0;39.7664107
0.73;32.6697009;0.0;40.2861536
0.731;33.2241823;0.0;40.7861249
0.732;33.7512916;0.0;41.2602452
0.733;34.2536942;0.0;41.7015952
0.734;34.7338647;0.0;42.1260326
0.735;35.1882311;0.0;42.5287941
0.736;35.6144241;0.0;42.9051597
0.737;36.0185807;0.0;43.260785
0.738;36.3930964;0.0;43.5929804
0.739;36.7377166;0.0;43.9011373
0.74;37.061035;0.0;44.186615
0.741;37.3577866;0.0;44.4513562
0.742;37.6290603;0.0;44.6961844
0.743;37.8777332;0.0;44.920919
0.744;38.09968;0.0;45.1236383
0.745;38.2976353;0.0;45.3065059
0.746;38.4748377;0.0;45.4721794
0.747;38.6327272;0.0;45.6232555
0.748;38.7677701;0.0;45.7547301
0.749;38.8807604;0.0;45.8670751
0.75;38.9795942;0.0;45.9699112
0.751;39.0625758;0.0;46.0583846
0.752;39.132885;0.0;46.1352767
0.753;39.1954642;0.0;46.2066647
0.754;39.2420883;0.0;46.2672077
0.755;39.2804824;0.0;46.3202241
0.756;39.3177045;0.0;46.3688728
0.757;39.3434544;0.0;46.4079659
0.758;39.3639339;0.0;46.4424205
0.759;39.3824457;0.0;46.4748868
0.76;39.3968326;0.0;46.503878
0.761;39.4057918;0.0;46.5300059
0.762;39.4085218;0.0;46.5505214
0.763;39.4048504;0.0;46.5612357
0.764;39.3988876;0.0;46.5725834
0.765;39.3897066;0.0;46.5838993
0.766;39.3756217;0.0;46.5916231
0.767;39.3569613;0.0;46.5916845
0.768;39.3372716;0.0;46.5879672
0.769;39.3186476;0.0;46.5852291
0.77;39.3007189;0.0;46.5908056
0.771;39.2823018;0.0;46.5921736
0.772;39.263047;0.0;46.589411
0.773;39.2433001;0.0;46.5900524
0.774;39.2259878;0.0;46.5907372
0.775;39.2128244;0.0;46.5941387
0.776;39.2029651;0.0;46.6015848
0.777;39.184614;0.0;46.6014177
0.778;39.1708443;0.0;46.6028538
0.779;39.1652773;0.0;46.609423
0.78;39.1502288;0.0;46.6111896
0.781;39.141066;0.0;46.6184968
0.782;39.1387513;0.0;46.6302505
0.783;39.1359913;0.0;46.6385761
0.784;39.1296803;0.0;46.6434025
0.785;39.123745;0.0;46.6496907
0.786;39.1222072;0.0;46.6612109
0.787;39.1199907;0.0;46.6689281
0.788;39.1178672;0.0;46.6786647
0.789;39.1167639;0.0;46.6922643
0.79;39.1174747;0.0;46.7028363
0.791;39.1200925;0.0;46.7165794
0.792;39.1210492;0.0;46.7291987
0.793;39.1153112;0.0;46.7316619
0.794;39.1182993;0.0;46.7444842
0.795;39.1238815;0.0;46.7611341
0.796;39.1242707;0.0;46.772584
0.797;39.125788;0.0;46.7858806
0.798;39.1275711;0.0;46.7978891
0.799;39.1296975;0.0;46.8082677
0.8;39.134481;0.0;46.8218573
0.801;39.1379421;0.0;46.8351457
0.802;39.1398344;0.0;46.8468443
0.803;39.1419168;0.0;46.8569497
0.804;39.1464783;0.0;46.8701671
0.805;39.152539;0.0;46.8865626
0.806;39.1582032;0.0;46.9037168
0.807;39.1611371;0.0;46.9139297
0.808;39.1607942;0.0;46.9220688
0.809;39.1604388;0.0;46.9317339
0.81;39.1691853;0.0;46.9451189
0.811;39.1716022;0.0;46.956645
0.812;39.170706;0.0;46.9664163
0.813;39.1758896;0.0;46.9771473
0.814;39.1799763;0.0;46.9929128
0.815;39.1824292;0.0;47.0065927
0.816;39.1841223;0.0;47.0142681
0.817;39.1876152;0.0;47.0254877
0.818;39.1899113;0.0;47.0377001
0.819;39.1914265;0.0;47.0486122
0.82;39.1959353;0.0;47.0558305
0.821;39.1978373;0.0;47.0656691
0.822;39.1969606;0.0;47.0758229
0.823;39.1956179;0.0;47.082822
0.824;39.2001137;0.0;47.0945129
0.825;39.2038189;0.0;47.1088455
0.826;39.2031931;0.0;47.1216977
0.827;39.2036288;0.0;47.1247524
0.828;39.2039224;0.0;47.1341224
0.829;39.2017676;0.0;47.1446546
0.83;39.1940933;0.0;47.1382919
0.831;39.1857699;0.0;47.1410599
0.832;39.1840028;0.0;47.1507229
0.833;39.191874;0.0;47.1605364
0.834;39.1951135;0.0;47.175348
0.835;39.1888411;0.0;47.1799522
0.836;39.1785901;0.0;47.1754409
0.837;39.1861793;0.0;47.1883488
0.838;39.1844582;0.0;47.1987786
0.839;39.1765048;0.0;47.2057649
0.84;39.1766399;0.0;47.2148731
0.841;39.1766955;0.0;47.2206844
0.842;39.1743476;0.0;47.2249418
0.843;39.1698593;0.0;47.2297648
0.844;39.1684026;0.0;47.2353853
0.845;39.1692014;0.0;47.2435095
0.846;39.1695099;0.0;47.2532569
0.847;39.1647473;0.0;47.2614953
0.848;39.1642255;0.0;47.2737921
0.849;39.1641936;0.0;47.2820324
0.85;39.1593412;0.0;47.2794803
0.851;39.1556385;0.0;47.2857456
0.852;39.1529716;0.0;47.2925657
0.853;39.1506225;0.0;47.295601
0.854;39.1472017;0.0;47.2989805
0.855;39.1457715;0.0;47.3075085
0.856;39.1445564;0.0;47.3187729
0.857;39.1401478;0.0;47.3266979
0.858;39.1381534;0.0;47.3306462
0.859;39.1380577;0.0;47.3338253
0.86;39.1379418;0.0;47.3395401
0.861;39.1349536;0.0;47.3508677
0.862;39.1274312;0.0;47.3541969
0.863;39.1208545;0.0;47.3520851
0.864;39.1267208;0.0;47.3609174
0.865;39.1299248;0.0;47.3728528
0.866;39.1303553;0.0;47.384733
0.867;39.1304571;0.0;47.393669
0.868;39.125741;0.0;47.3934883
0.869;39.1176695;0.0;47.396104
0.87;39.1098006;0.0;47.4034684
0.871;39.1087974;0.0;47.4010912
0.872;39.10842;0.0;47.4091613
0.873;39.1081477;0.0;47.4207086
0.874;39.1088338;0.0;47.4210659
0.875;39.1048036;0.0;47.4290879
0.876;39.0995912;0.0;47.4347995
0.877;39.0971906;0.0;47.4351003
0.878;39.1004501;0.0;47.4513049
0.879;39.1089275;0.0;47.463037
0.88;39.1127693;0.0;47.4652628
0.881;39.0978259;0.0;47.4623941
0.882;39.0897888;0.0;47.4602198
0.883;39.087635;0.0;47.4657291
0.884;39.0861534;0.0;47.4793505
0.885;39.0837451;0.0;47.4797573
0.886;39.087461;0.0;47.4864915
0.887;39.0951927;0.0;47.5000297
0.888;39.0959193;0.0;47.5026125
0.889;39.0915763;0.0;47.512082
0.89;39.0894222;0.0;47.522522
0.891;39.0928572;0.0;47.5239535
0.892;39.0779828;0.0;47.5171393
0.893;39.0642304;0.0;47.5154806
0.894;39.0628647;0.0;47.5247568
0.895;39.072543;0.0;47.5407316
0.896;39.0757957;0.0;47.5382242
0.897;39.070322;0.0;47.5305761
0.898;39.0619659;0.0;47.5418043
0.899;39.0667469;0.0;47.5602495
0.9;39.0707522;0.0;47.5750502
0.901;39.0644436;0.0;47.5781534
0.902;39.0484239;0.0;47.5630991
0.903;39.0494672;0.0;47.5669267
0.904;39.0605103;0.0;47.5844078
0.905;39.059052;0.0;47.591033
0.906;39.0447867;0.0;47.5879442
0.907;39.0394359;0.0;47.5850966
0.908;39.0493606;0.0;47.5879864
0.909;39.0380228;0.0;47.5872946
0.91;39.0313115;0.0;47.6009239
0.911;39.0335142;0.0;47.6193192
0.912;39.0378741;0.0;47.619956
0.913;39.0491269;0.0;47.6341918
0.914;39.0499447;0.0;47.6429639
0.915;39.0330142;0.0;47.6336033
0.916;39.0243924;0.0;47.6300957
0.917;39.0279944;0.0;47.6359941
0.918;39.0381346;0.0;47.649615
0.919;39.0409318;0.0;47.663183
0.92;39.027243;0.0;47.6524693
0.921;39.0107128;0.0;47.6410166
0.922;39.0031022;0.0;47.6470643
0.923;38.9963517;0.0;47.6444669
0.924;38.9900844;0.0;47.6397504
0.925;38.9834981;0.0;47.6395813
0.926;38.9751652;0.0;47.6497684
0.927;38.9523759;0.0;47.6436412
0.928;38.9451606;0.0;47.6404183
0.929;38.9672239;0.0;47.6532197
0.93;38.9526091;0.0;47.6441491
0.931;38.9285804;0.0;47.6309805
0.932;38.9111759;0.0;47.6196181
0.933;38.9073281;0.0;47.6076057
0.934;38.9129325;0.0;47.6188448
0.935;38.9111923;0.0;47.6350026
0.936;38.8922578;0.0;47.6347216
0.937;38.8759232;0.0;47.616254
0.938;38.866449;0.0;47.6022569
0.939;38.8564086;0.0;47.5937971
0.94;38.8297283;0.0;47.5752818
0.941;38.8055225;0.0;47.5691311
0.942;38.7822743;0.0;47.5672106
0.943;38.7602062;0.0;47.5595968
0.944;38.762207;0.0;47.5529508
0.945;38.7430526;0.0;47.5295088
0.946;38.6995546;0.0;47.4936282
0.947;38.6627682;0.0;47.4675796
0.948;38.6728034;0.0;47.4749558
0.949;38.6583331;0.0;47.4593595
0.95;38.5816465;0.0;47.3955917
0.951;38.5623684;0.0;47.3942645
0.952;38.5418607;0.0;47.3681858
0.953;38.5080807;0.0;47.3197581
0.954;38.4779201;0.0;47.3059881
0.955;38.4644237;0.0;47.3078337
0.956;38.4341304;0.0;47.2862056
0.957;38.3758827;0.0;47.2350327
0.958;38.3542724;0.0;47.2427865
0.959;38.3094171;0.0;47.2191809
0.96;38.2602482;0.0;47.1707881
0.961;38.25888;0.0;47.14996
0.962;38.2574659;0.0;47.1268737
0.963;38.2306822;0.0;47.1041395
0.964;38.1872463;0.0;47.0940747
0.965;38.2009413;0.0;47.1263849
0.966;38.1912822;0.0;47.1249663
0.967;38.1573253;0.0;47.0997526
0.968;38.1312737;0.0;47.0925942
0.969;38.1298874;0.0;47.0862614
0.97;38.1314457;0.0;47.0828378
0.971;38.1223085;0.0;47.0741334
0.972;38.1058149;0.0;47.0333332
0.973;38.0941243;0.0;47.0536098
0.974;38.0979731;0.0;47.0940598
0.975;38.1145243;0.0;47.0903126
0.976;38.0859019;0.0;47.0968814
0.977;38.0424162;0.0;47.0804742
0.978;38.0198401;0.0;47.047837
0.979;38.0516277;0.0;47.0487991
0.98;38.0353319;0.0;47.0437563
0.981;38.0190979;0.0;47.0462092
0.982;38.0407214;0.0;47.0599863
0.983;37.978766;0.0;47.0145224
0.984;37.9473155;0.0;46.9960913
0.985;37.9699333;0.0;47.0149096
0.986;38.0059055;0.0;47.032134
0.987;38.0456177;0.0;47.0975056
0.988;38.0557326;0.0;47.1213473
0.989;38.0316202;0.0;47.0661012
0.99;38.0335227;0.0;47.0406527
0.991;38.029948;0.0;47.0579985
0.992;38.0053237;0.0;47.0791538
0.993;37.9670291;0.0;47.0576597
0.994;38.0374539;0.0;47.0906326
0.995;38.0301672;0.0;47.072589
0.996;37.9340901;0.0;47.0144859
0.997;37.981221;0.0;47.0866933
0.998;37.9999319;0.0;47.1376156
0.999;37.9607184;0.0;47.1321539
1;37.8980729;0.0;47.0924639
1.001;37.8860425;0.0;47.0744645
1.002;37.924347;0.0;47.0781271
1.003;37.9473778;0.0;47.0848014
1.004;37.990081;0.0;47.0924059
1.005;38.0064207;0.0;47.129674
1.006;38.0059846;0.0;47.1896119
1.007;38.0174618;0.0;47.2381626
1.008;38.0117876;0.0;47.3149231
1.009;38.0215497;0.0;47.3636064
1.01;38.0641941;0.0;47.3552634
1.011;38.1107926;0.0;47.3948687
1.012;38.1268005;0.0;47.3907131
1.013;38.1654751;0.0;47.3922851
1.014;38.1878934;0.0;47.3949159
1.015;38.1697352;0.0;47.3623051
1.016;38.168608;0.0;47.3609587
1.017;38.1918373;0.0;47.3892109
1.018;38.1880426;0.0;47.4010691
1.019;38.1554551;0.0;47.4254753
1.02;38.1741513;0.0;47.5302051
1.021;38.1670505;0.0;47.5715024
1.022;38.1747647;0.0;47.5915304
1.023;38.1849259;0.0;47.579921
1.024;38.2018691;0.0;47.530833
1.025;38.2573786;0.0;47.4841703
1.026;38.2520057;0.0;47.4595013
1.027;38.2534427;0.0;47.4867449
1.028;38.2367024;0.0;47.5717148
1.029;38.2606966;0.0;47.6159449
1.03;38.314137;0.0;47.7216089
1.031;38.332117;0.0;47.7466923
1.032;38.3567193;0.0;47.6971508
1.033;38.3778356;0.0;47.6885082
1.034;38.352909;0.0;47.6754284
1.035;38.3144467;0.0;47.6439705
1.036;38.3441924;0.0;47.692826
1.037;38.3629018;0.0;47.7130199
1.038;38.3855432;0.0;47.7223608
1.039;38.4331228;0.0;47.7750865
1.04;38.4219913;0.0;47.8020432
1.041;38.4062613;0.0;47.8252166
1.042;38.3939836;0.0;47.8288654
1.043;38.3313848;0.0;47.8134291
1.044;38.3351828;0.0;47.8012357
1.045;38.410091;0.0;47.749783
1.046;38.4194314;0.0;47.7464319
1.047;38.4120917;0.0;47.7649747
1.048;38.4342708;0.0;47.7984259
1.049;38.4204787;0.0;47.85183
1.05;38.3916192;0.0;47.9086043
1.051;38.4558787;0.0;47.9227014
1.052;38.5033115;0.0;47.9346878
1.053;38.493302;0.0;47.9119716
1.054;38.5251877;0.0;47.8881351
1.055;38.513178;0.0;47.9064992
1.056;38.4718687;0.0;47.8873936
1.057;38.470522;0.0;47.8919489
1.058;38.5125844;0.0;47.9259684
1.059;38.505912;0.0;47.9449938
1.06;38.4720445;0.0;47.9468748
1.061;38.4697393;0.0;47.9751286
1.062;38.4570482;0.0;48.0366721
1.063;38.4653046;0.0;48.0551061
1.064;38.4798856;0.0;48.0351577
1.065;38.520085;0.0;48.0304037
1.066;38.5486914;0.0;48.0363436
1.067;38.5179855;0.0;48.01351
1.068;38.5167273;0.0;48.0179747
1.069;38.5362709;0.0;48.0602515
1.07;38.5276297;0.0;48.0609811
1.071;38.510839;0.0;48.0156063
1.072;38.4939505;0.0;48.0134572
1.073;38.4304716;0.0;48.0180101
1.074;38.436844;0.0;48.0331839
1.075;38.4951178;0.0;48.0933022
1.076;38.5096959;0.0;48.1019405
1.077;38.5597102;0.0;48.078815
1.078;38.5744041;0.0;48.0704759
1.079;38.5411183;0.0;48.0338322
1.08;38.5086455;0.0;48.0149231
1.081;38.5087636;0.0;48.0452974
1.082;38.5068681;0.0;48.0998872
1.083;38.496423;0.0;48.1161042
1.084;38.4830187;0.0;48.1151359
1.085;38.4655667;0.0;48.1087229
1.086;38.4176357;0.0;48.0527577
1.087;38.418985;0.0;48.0525386
1.088;38.4615883;0.0;48.088984
1.089;38.4665059;0.0;48.1038499
1.09;38.4746286;0.0;48.1418871
1.091;38.4858916;0.0;48.1492933
1.092;38.4632117;0.0;48.101695
1.093;38.4562177;0.0;48.1006022
1.094;38.4594155;0.0;48.1156102
1.095;38.5065847;0.0;48.1466948
1.096;38.4880926;0.0;48.1365764
1.097;38.4763643;0.0;48.1385342
1.098;38.4872322;0.0;48.1412101
1.099;38.4486817;0.0;48.1077874
1.1;38.4128783;0.0;48.0845788
1.101;38.420761;0.0;48.109094
1.102;38.4075585;0.0;48.1033193
1.103;38.3752077;0.0;48.0528409
1.104;38.3632478;0.0;48.0474506
1.105;38.3669012;0.0;48.0643268
1.106;38.3664405;0.0;48.0832796
1.107;38.3821582;0.0;48.1472073
1.108;38.3792519;0.0;48.1653005
1.109;38.3570232;0.0;48.1538263
1.11;38.3464078;0.0;48.1542243
1.111;38.3192003;0.0;48.1300858
1.112;38.3215908;0.0;48.1179426
1.113;38.3644071;0.0;48.1437806
1.114;38.3671808;0.0;48.1700637
1.115;38.3400958;0.0;48.1540313
1.116;38.3555029;0.0;48.1301176
1.117;38.3492066;0.0;48.1258525
1.118;38.318001;0.0;48.1053709
1.119;38.3044605;0.0;48.1025521
1.12;38.2959142;0.0;48.1461774
1.121;38.2862614;0.0;48.1364383
1.122;38.3054287;0.0;48.0844073
1.123;38.2796592;0.0;48.0694319
1.124;38.214554;0.0;48.0728859
1.125;38.1873407;0.0;48.0431355
1.126;38.1370986;0.0;47.9800234
1.127;38.1031921;0.0;47.9646999
1.128;38.0951666;0.0;47.9729955
1.129;38.1313296;0.0;47.9483104
1.13;38.0930307;0.0;47.9192641
1.131;38.0303307;0.0;47.9372121
1.132;37.9864353;0.0;47.9029691
1.133;37.9300823;0.0;47.7982958
1.134;37.8685938;0.0;47.7525007
1.135;37.8162019;0.0;47.7423544
1.136;37.7549053;0.0;47.6923071
1.137;37.6672115;0.0;47.6274408
1.138;37.6032583;0.0;47.5790666
1.139;37.5588005;0.0;47.5277863
1.14;37.5031184;0.0;47.470587
1.141;37.4484523;0.0;47.4244333
1.142;37.3875402;0.0;47.364897
1.143;37.3164303;0.0;47.2733576
1.144;37.2527433;0.0;47.2074788
1.145;37.1865781;0.0;47.1479659
1.146;37.1278453;0.0;47.1087977
1.147;37.0729402;0.0;47.0502511
1.148;37.029542;0.0;47.0112226
1.149;36.9673475;0.0;46.9464731
1.15;36.8985361;0.0;46.8510412
1.151;36.8354585;0.0;46.7937183
1.152;36.756613;0.0;46.7431307
1.153;36.6972223;0.0;46.6969181
1.154;36.6565494;0.0;46.6786297
1.155;36.6057566;0.0;46.64449
1.156;36.5497293;0.0;46.5961309
1.157;36.5081252;0.0;46.5600853
1.158;36.4730413;0.0;46.5225322
1.159;36.43398;0.0;46.4964508
1.16;36.4030246;0.0;46.4911949
1.161;36.3744826;0.0;46.474077
1.162;36.3455646;0.0;46.4597155
1.163;36.3125184;0.0;46.4392857
1.164;36.2758837;0.0;46.403951
1.165;36.2497351;0.0;46.3757371
1.166;36.2261566;0.0;46.3504422
1.167;36.1971769;0.0;46.3287103
1.168;36.1820745;0.0;46.3062868
1.169;36.1880475;0.0;46.2745896
1.17;36.1716616;0.0;46.2715876
1.171;36.1401114;0.0;46.296597
1.172;36.1297114;0.0;46.2894272
1.173;36.1232801;0.0;46.2701603
1.174;36.1158991;0.0;46.2771303
1.175;36.1320085;0.0;46.2895641
1.176;36.1246486;0.0;46.2845104
1.177;36.0816782;0.0;46.2872105
1.178;36.0734905;0.0;46.3009975
1.179;36.0794829;0.0;46.2977916
1.18;36.0815108;0.0;46.2956034
1.181;36.1020207;0.0;46.303464
1.182;36.127434;0.0;46.3425123
1.183;36.1180742;0.0;46.346972
1.184;36.0910796;0.0;46.3179559
1.185;36.0795838;0.0;46.3164583
1.186;36.0620342;0.0;46.3282634
1.187;36.0483687;0.0;46.3243779
1.188;36.0399636;0.0;46.3101771
1.189;36.036015;0.0;46.3139167
1.19;36.0333511;0.0;46.3253786
1.191;36.0277566;0.0;46.3241576
1.192;36.0299697;0.0;46.3289798
1.193;36.0261442;0.0;46.3306159
1.194;36.0144227;0.0;46.3154075
1.195;36.0041077;0.0;46.3088874
1.196;35.9905182;0.0;46.3115492
1.197;35.9858917;0.0;46.3148417
1.198;35.9803757;0.0;46.3095482
1.199;35.9795584;0.0;46.3160461
1.2;35.981545;0.0;46.3250177
1.201;35.9982441;0.0;46.3549552
1.202;36.0124744;0.0;46.3738749
1.203;36.0402672;0.0;46.4054529
1.204;36.0321401;0.0;46.4059401
1.205;36.0007038;0.0;46.3812863
1.206;36.0038593;0.0;46.3888848
1.207;36.0003584;0.0;46.4012295
1.208;36.0022114;0.0;46.4015684
1.209;36.0396233;0.0;46.4099669
1.21;36.050541;0.0;46.4234954
1.211;36.0241784;0.0;46.4143606
1.212;36.0317559;0.0;46.4296979
1.213;36.0709765;0.0;46.4847893
1.214;36.0832726;0.0;46.5151414
1.215;36.0884662;0.0;46.5360654
1.216;36.0990934;0.0;46.5572971
1.217;36.0964816;0.0;46.5880663
1.218;36.0980971;0.0;46.5941105
1.219;36.1109073;0.0;46.5604421
1.22;36.1218165;0.0;46.5624024
1.221;36.1311795;0.0;46.5725831
1.222;36.1330465;0.0;46.5802609
1.223;36.1433183;0.0;46.5878201
1.224;36.1585711;0.0;46.6179832
1.225;36.1734353;0.0;46.6404986
1.226;36.1960728;0.0;46.6394593
1.227;36.2016119;0.0;46.6673195
1.228;36.193092;0.0;46.7418474
1.229;36.2035056;0.0;46.7633918
1.23;36.2128843;0.0;46.7536205
1.231;36.2232451;0.0;46.7681369
1.232;36.2553073;0.0;46.7800409
1.233;36.2685529;0.0;46.7793931
1.234;36.2631917;0.0;46.7766961
1.235;36.2658309;0.0;46.7886866
1.236;36.2617076;0.0;46.78055
1.237;36.2691702;0.0;46.7926866
1.238;36.2897456;0.0;46.8581817
1.239;36.3014823;0.0;46.8875635
1.24;36.312776;0.0;46.9040239
1.241;36.3312466;0.0;46.9048917
1.242;36.3371834;0.0;46.9133978
1.243;36.3276807;0.0;46.9008751
1.244;36.3370464;0.0;46.9186179
1.245;36.3542072;0.0;46.9583875
1.246;36.3628226;0.0;46.9788458
1.247;36.3745705;0.0;47.0032349
1.248;36.3857392;0.0;47.0212944
1.249;36.3918846;0.0;47.0251026
1.25;36.39776;0.0;47.0392615
1.251;36.4066151;0.0;47.0705269
1.252;36.4153751;0.0;47.0757606
1.253;36.4194892;0.0;47.051329
1.254;36.4248669;0.0;47.0605218
1.255;36.4363279;0.0;47.0886933
1.256;36.4427556;0.0;47.0901443
1.257;36.4457439;0.0;47.0903737
1.258;36.4462766;0.0;47.1017317
1.259;36.4366712;0.0;47.0902529
1.26;36.4392791;0.0;47.0891103
1.261;36.4418219;0.0;47.10476
1.262;36.4570187;0.0;47.1416361
1.263;36.459036;0.0;47.1529625
1.264;36.4636676;0.0;47.1452763
1.265;36.4724275;0.0;47.1546603
1.266;36.4856325;0.0;47.1739854
1.267;36.4712831;0.0;47.1753313
1.268;36.4456387;0.0;47.168909
1.269;36.4347868;0.0;47.1709265
1.27;36.4021583;0.0;47.1658858
1.271;36.3871146;0.0;47.1636286
1.272;36.3897651;0.0;47.1698903
1.273;36.4026593;0.0;47.1737598
1.274;36.4340984;0.0;47.1663989
1.275;36.4359594;0.0;47.1729124
1.276;36.4430675;0.0;47.2064279
1.277;36.4435008;0.0;47.209384
1.278;36.4119233;0.0;47.1922395
1.279;36.3883698;0.0;47.1896025
1.28;36.3712596;0.0;47.1815012
1.281;36.3595593;0.0;47.1681844
1.282;36.3452705;0.0;47.1561796
1.283;36.3272957;0.0;47.1527293
1.284;36.3076477;0.0;47.1325672
1.285;36.3076347;0.0;47.1385657
1.286;36.2952767;0.0;47.1336701
1.287;36.270642;0.0;47.1458002
1.288;36.2608072;0.0;47.1418001
1.289;36.2639531;0.0;47.1261256
1.29;36.2547476;0.0;47.112595
1.291;36.2530478;0.0;47.1000712
1.292;36.2278367;0.0;47.08484
1.293;36.1708227;0.0;47.0582814
1.294;36.1496022;0.0;47.0431252
1.295;36.1373827;0.0;47.0386128
1.296;36.1155225;0.0;47.0244385
1.297;36.1025514;0.0;47.0035307
1.298;36.100575;0.0;46.993616
1.299;36.1145049;0.0;46.9966451
1.3;36.0897729;0.0;46.9785128
1.301;36.0448554;0.0;46.9486082
1.302;36.0258854;0.0;46.9313957
1.303;36.0052829;0.0;46.9173532
1.304;35.9587156;0.0;46.8843261
1.305;35.9015259;0.0;46.8358914
1.306;35.8778129;0.0;46.8137653
1.307;35.8633025;0.0;46.810231
1.308;35.8167282;0.0;46.7746773
1.309;35.7616194;0.0;46.7196535
1.31;35.7298267;0.0;46.6644823
1.311;35.7013482;0.0;46.6291559
1.312;35.6411288;0.0;46.5626521
1.313;35.5806445;0.0;46.5144401
1.314;35.5552052;0.0;46.5200087
1.315;35.5103378;0.0;46.4795273
1.316;35.4290781;0.0;46.4015274
1.317;35.3468238;0.0;46.3284605
1.318;35.2700793;0.0;46.2352155
1.319;35.2121416;0.0;46.1873037
1.32;35.1385557;0.0;46.1716556
1.321;35.0682443;0.0;46.1097664
1.322;35.0374475;0.0;46.0559474
1.323;34.9823351;0.0;45.9994336
1.324;34.8970435;0.0;45.8915584
1.325;34.8183978;0.0;45.812775
1.326;34.746072;0.0;45.7791899
1.327;34.6743674;0.0;45.7203293
1.328;34.5921198;0.0;45.6400346
1.329;34.5146731;0.0;45.5665133
1.33;34.4547909;0.0;45.4980147
1.331;34.3808627;0.0;45.423573
1.332;34.2972886;0.0;45.3438039
1.333;34.2082161;0.0;45.2611064
1.334;34.1279382;0.0;45.1942446
1.335;34.0444721;0.0;45.1356752
1.336;33.9707629;0.0;45.0637998
1.337;33.9066434;0.0;44.9975525
1.338;33.8365583;0.0;44.9289037
1.339;33.7723321;0.0;44.8470945
1.34;33.6944762;0.0;44.7731137
1.341;33.6041331;0.0;44.7072973
1.342;33.527624;0.0;44.6386189
1.343;33.4511142;0.0;44.5650081
1.344;33.3746011;0.0;44.4970459
1.345;33.3021963;0.0;44.4356267
1.346;33.2346253;0.0;44.3700794
1.347;33.1621296;0.0;44.2984889
1.348;33.0986878;0.0;44.2355983
1.349;33.0587119;0.0;44.1752159
1.35;32.993708;0.0;44.1179889
1.351;32.9105033;0.0;44.0784898
1.352;32.8400263;0.0;44.0156008
1.353;32.7617332;0.0;43.9311699
1.354;32.6891583;0.0;43.8646419
1.355;32.6339809;0.0;43.7949595
1.356;32.5673533;0.0;43.7267519
1.357;32.4886308;0.0;43.6692433
1.358;32.4184033;0.0;43.615464
1.359;32.3780622;0.0;43.5753739
1.36;32.2816115;0.0;43.509252
1.361;32.17536;0.0;43.4289235
1.362;32.1220948;0.0;43.3711996
1.363;32.0503546;0.0;43.3030499
1.364;31.9837795;0.0;43.2304119
1.365;31.8850006;0.0;43.1267688
1.366;31.7862566;0.0;43.0228148
1.367;31.6688499;0.0;42.9018963
1.368;31.5143468;0.0;42.7386671
1.369;31.3875183;0.0;42.6036026
1.37;31.283962;0.0;42.4983577
1.371;31.1411524;0.0;42.3455514
1.372;30.9818889;0.0;42.1635593
1.373;30.8227551;0.0;42.000044
1.374;30.6466579;0.0;41.8321174
1.375;30.4660022;0.0;41.6409557
1.376;30.2914477;0.0;41.450298
1.377;30.0890217;0.0;41.2439716
1.378;29.8692502;0.0;41.0205974
1.379;29.6255702;0.0;40.7640065
1.38;29.3616987;0.0;40.4913896
1.381;29.0753886;0.0;40.1984191
1.382;28.7561317;0.0;39.8678279
1.383;28.4325693;0.0;39.5188538
1.384;28.0968974;0.0;39.1530248
1.385;27.740286;0.0;38.777288
1.386;27.36989;0.0;38.3912212
1.387;26.9869355;0.0;37.9702988
1.388;26.568491;0.0;37.5110609
1.389;26.1680021;0.0;37.0682932
1.39;25.7708411;0.0;36.6323863
1.391;25.3461048;0.0;36.1537589
1.392;24.9129494;0.0;35.6607587
1.393;24.4667591;0.0;35.1640141
1.394;24.0157801;0.0;34.6662429
1.395;23.5402124;0.0;34.1244586
1.396;23.0776792;0.0;33.598117
1.397;22.602504;0.0;33.080106
1.398;22.1597868;0.0;32.5836115
1.399;21.7246488;0.0;32.075803
1.4;21.2995375;0.0;31.5720375
1.401;20.8984458;0.0;31.0930411
1.402;20.4953619;0.0;30.6246368
1.403;20.0924529;0.0;30.1411781
1.404;19.7015453;0.0;29.6803864
1.405;19.3191073;0.0;29.260464
1.406;18.9579549;0.0;28.8388888
1.407;18.6093077;0.0;28.4057154
1.408;18.2721408;0.0;27.9950347
1.409;17.9436976;0.0;27.6070473
1.41;17.6511827;0.0;27.2399804
1.411;17.3983211;0.0;26.8829997
1.412;17.1296047;0.0;26.5490549
1.413;16.8661424;0.0;26.2521203
1.414;16.6383497;0.0;25.9619945
1.415;16.4320407;0.0;25.6881459
1.416;16.213045;0.0;25.4216658
1.417;16.0089612;0.0;25.1588093
1.418;15.8301029;0.0;24.9278887
1.419;15.6569179;0.0;24.7357829
1.42;15.4777668;0.0;24.5289973
1.421;15.3111975;0.0;24.3365378
1.422;15.1779114;0.0;24.1511969
1.423;15.05278;0.0;23.9669159
1.424;14.9182656;0.0;23.7875979
1.425;14.8003505;0.0;23.6423605
1.426;14.6992035;0.0;23.506456
1.427;14.5833877;0.0;23.3561947
1.428;14.4643683;0.0;23.2200449
1.429;14.3623289;0.0;23.097473
1.43;14.2865472;0.0;22.9833736
1.431;14.2111064;0.0;22.8856665
1.432;14.1360612;0.0;22.811616
1.433;14.0614548;0.0;22.7249918
1.434;13.9974432;0.0;22.6380437
1.435;13.9450826;0.0;22.56491
1.436;13.8924031;0.0;22.4975422
1.437;13.8446926;0.0;22.4343534
1.438;13.8167839;0.0;22.3787162
1.439;13.7830566;0.0;22.3377151
1.44;13.7466436;0.0;22.3080561
1.441;13.7089547;0.0;22.2730163
1.442;13.6653288;0.0;22.2508526
1.443;13.6444568;0.0;22.2246961
1.444;13.6389698;0.0;22.1932163
1.445;13.6155365;0.0;22.1620481
1.446;13.5960243;0.0;22.1223109
1.447;13.5886295;0.0;22.1092576
1.448;13.5623099;0.0;22.1131395
1.449;13.553309;0.0;22.1057278
1.45;13.5884621;0.0;22.1009039
1.451;13.5921799;0.0;22.1154875
1.452;13.5776826;0.0;22.1572577
1.453;13.5710276;0.0;22.152942
1.454;13.5418632;0.0;22.1133774
1.455;13.5398445;0.0;22.1276155
1.456;13.5560901;0.0;22.1458128
1.457;13.5723905;0.0;22.1511977
1.458;13.6124727;0.0;22.1912831
1.459;13.639139;0.0;22.2341488
1.46;13.6477664;0.0;22.2501971
1.461;13.6747022;0.0;22.2729711
1.462;13.7153477;0.0;22.3046929
1.463;13.7464173;0.0;22.3709894
1.464;13.7709321;0.0;22.4417337
1.465;13.8157308;0.0;22.506493
1.466;13.853056;0.0;22.5903288
1.467;13.8899467;0.0;22.6747734
1.468;13.9448331;0.0;22.7510689
1.469;14.0052835;0.0;22.8397659
1.47;14.0593201;0.0;22.9337127
1.471;14.1211351;0.0;23.0451488
1.472;14.1920272;0.0;23.1539482
1.473;14.2731857;0.0;23.2534322
1.474;14.3502978;0.0;23.3667174
1.475;14.4319687;0.0;23.5025156
1.476;14.514975;0.0;23.6148794
1.477;14.6018661;0.0;23.707583
1.478;14.679503;0.0;23.8351559
1.479;14.7459565;0.0;23.9728085
1.48;14.8411189;0.0;24.1048615
1.481;14.9449941;0.0;24.2510099
1.482;15.0424161;0.0;24.4042747
1.483;15.1575231;0.0;24.5579317
1.484;15.2648698;0.0;24.7005409
1.485;15.3579713;0.0;24.8565679
1.486;15.4625886;0.0;25.0038773
1.487;15.5865356;0.0;25.1275401
1.488;15.6903129;0.0;25.2635768
1.489;15.7800689;0.0;25.4164479
1.49;15.8777561;0.0;25.5561572
1.491;15.9667892;0.0;25.6708288
1.492;16.0677932;0.0;25.8209177
1.493;16.185253;0.0;26.0042493
1.494;16.286115;0.0;26.1504355
1.495;16.3707039;0.0;26.2905361
1.496;16.4854092;0.0;26.4386279
1.497;16.6176716;0.0;26.5556823
1.498;16.7274031;0.0;26.7040019
1.499;16.8409219;0.0;26.8890353
1.5;16.9594071;0.0;27.0554289
1.501;17.059468;0.0;27.2274137
1.502;17.1717704;0.0;27.383289
1.503;17.3089837;0.0;27.523872
1.504;17.4329201;0.0;27.6737806
1.505;17.5507971;0.0;27.8252905
1.506;17.6625759;0.0;27.9656679
1.507;17.7638051;0.0;28.0930753
1.508;17.8759306;0.0;28.2381596
1.509;17.9983157;0.0;28.3882039
1.51;18.1019867;0.0;28.5312638
1.511;18.193679;0.0;28.6884571
1.512;18.3007654;0.0;28.8385185
1.513;18.3909422;0.0;28.967184
1.514;18.4972339;0.0;29.1049222
1.515;18.6372796;0.0;29.2626417
1.516;18.7647188;0.0;29.4052925
1.517;18.8909556;0.0;29.521848
1.518;19.011833;0.0;29.6650949
1.519;19.12629;0.0;29.8215355
1.52;19.2435991;0.0;29.9751115
1.521;19.3473823;0.0;30.1214222
1.522;19.4577741;0.0;30.2773085
1.523;19.557479;0.0;30.3963157
1.524;19.6499461;0.0;30.5009163
1.525;19.7687494;0.0;30.6527873
1.526;19.8617694;0.0;30.7984644
1.527;19.9453459;0.0;30.9288724
1.528;20.0510374;0.0;31.0654775
1.529;20.1454174;0.0;31.1785034
1.53;20.2533049;0.0;31.2814885
1.531;20.3742367;0.0;31.3936606
1.532;20.4789737;0.0;31.5114242
1.533;20.5838699;0.0;31.6356454
1.534;20.7031877;0.0;31.7695176
1.535;20.8031022;0.0;31.9092828
1.536;20.9035573;0.0;32.075769
1.537;21.0042415;0.0;32.2052203
1.538;21.0909762;0.0;32.3211359
1.539;21.1791768;0.0;32.4378812
1.54;21.2772366;0.0;32.5414757
1.541;21.365449;0.0;32.6460891
1.542;21.4315397;0.0;32.7443055
1.543;21.5319296;0.0;32.8604176
1.544;21.6591217;0.0;32.9799176
1.545;21.7530372;0.0;33.0976491
1.546;21.8451467;0.0;33.233359
1.547;21.9367389;0.0;33.3473596
1.548;22.0042747;0.0;33.4440847
1.549;22.0941155;0.0;33.5510418
1.55;22.2086765;0.0;33.6618355
1.551;22.2987189;0.0;33.760963
1.552;22.3753605;0.0;33.8529693
1.553;22.4605442;0.0;33.9506299
1.554;22.543267;0.0;34.037964
1.555;22.6282176;0.0;34.1422139
1.556;22.7256608;0.0;34.2691428
1.557;22.799525;0.0;34.3673564
1.558;22.8531061;0.0;34.4486076
1.559;22.9268723;0.0;34.5514874
1.56;22.9986559;0.0;34.6577723
1.561;23.0735816;0.0;34.75304
1.562;23.1563961;0.0;34.8615131
1.563;23.2449579;0.0;34.9550599
1.564;23.3467461;0.0;35.0240001
1.565;23.4174845;0.0;35.1043514
1.566;23.4684277;0.0;35.1859048
1.567;23.5561951;0.0;35.2788064
1.568;23.6506004;0.0;35.3748278
1.569;23.7177083;0.0;35.4709043
1.57;23.808585;0.0;35.5936696
1.571;23.876985;0.0;35.6764859
1.572;23.8847819;0.0;35.7241968
1.573;23.9407831;0.0;35.8000041
1.574;24.0420819;0.0;35.8807876
1.575;24.1078528;0.0;35.9447763
1.576;24.1439633;0.0;36.0011157
1.577;24.2239342;0.0;36.0845868
1.578;24.338099;0.0;36.1706219
1.579;24.3969896;0.0;36.2409443
1.58;24.4421521;0.0;36.3338234
1.581;24.5170352;0.0;36.4164573
1.582;24.570331;0.0;36.4649375
1.583;24.6181277;0.0;36.5307477
1.584;24.7049087;0.0;36.6206966
1.585;24.771481;0.0;36.699032
1.586;24.7833266;0.0;36.7606871
1.587;24.8359732;0.0;36.8344484
1.588;24.9369274;0.0;36.9286615
1.589;24.9998337;0.0;37.0008316
1.59;25.0458551;0.0;37.0591412
1.591;25.0949588;0.0;37.1212424
1.592;25.1200225;0.0;37.1627116
1.593;25.1772718;0.0;37.2344463
1.594;25.2659835;0.0;37.3452357
1.595;25.3230288;0.0;37.4117638
1.596;25.3753569;0.0;37.4581174
1.597;25.43606;0.0;37.524006
1.598;25.4743371;0.0;37.5658828
1.599;25.5288602;0.0;37.629369
1.6;25.6201342;0.0;37.7465871
1.601;25.6804623;0.0;37.8148788
1.602;25.7160155;0.0;37.8412698
1.603;25.7647515;0.0;37.8960214
1.604;25.8121513;0.0;37.9485556
1.605;25.8587195;0.0;38.0047156
1.606;25.9076483;0.0;38.0827691
1.607;25.954756;0.0;38.142431
1.608;25.9965458;0.0;38.1825278
1.609;26.0445258;0.0;38.2376249
1.61;26.1027248;0.0;38.3065381
1.611;26.151283;0.0;38.3582027
1.612;26.1931657;0.0;38.3957169
1.613;26.2370307;0.0;38.4481123
1.614;26.2814652;0.0;38.512146
1.615;26.3203586;0.0;38.5496413
1.616;26.3546847;0.0;38.5567204
1.617;26.39532;0.0;38.621527
1.618;26.4286839;0.0;38.7178844
1.619;26.4708207;0.0;38.7652938
1.62;26.536901;0.0;38.8444928
1.621;26.5745677;0.0;38.891847
1.622;26.5944695;0.0;38.8505316
1.623;26.6241659;0.0;38.8709223
1.624;26.6373202;0.0;38.9418718
1.625;26.6691294;0.0;38.9814579
1.626;26.7273304;0.0;39.0050778
1.627;26.7614466;0.0;39.0542017
1.628;26.78536;0.0;39.116866
1.629;26.8124324;0.0;39.160165
1.63;26.8170728;0.0;39.2099219
1.631;26.8566716;0.0;39.2589643
1.632;26.9407587;0.0;39.2900527
1.633;26.9726433;0.0;39.3252651
1.634;26.9789084;0.0;39.3772256
1.635;27.015886;0.0;39.4158102
1.636;27.0514037;0.0;39.433392
1.637;27.0630835;0.0;39.4654682
1.638;27.075491;0.0;39.5069109
1.639;27.1126204;0.0;39.5400728
1.64;27.1368347;0.0;39.5699846
1.641;27.1552948;0.0;39.6074203
1.642;27.20706;0.0;39.645638
1.643;27.2475213;0.0;39.6813136
1.644;27.2597024;0.0;39.7265514
1.645;27.2695576;0.0;39.7571997
1.646;27.2855933;0.0;39.7819989
1.647;27.3168641;0.0;39.797271
1.648;27.3430456;0.0;39.7881398
1.649;27.3554949;0.0;39.8122773
1.65;27.3918596;0.0;39.849095
1.651;27.4096633;0.0;39.8755306
1.652;27.3829084;0.0;39.9303814
1.653;27.3842474;0.0;39.9469754
1.654;27.4100892;0.0;39.9245253
1.655;27.4242535;0.0;39.9244859
1.656;27.4330636;0.0;39.9234885
1.657;27.43825;0.0;39.9263588
1.658;27.4417429;0.0;39.9304939
1.659;27.4522392;0.0;39.9466091
1.66;27.4607958;0.0;39.971
1.661;27.4666581;0.0;39.9841362
1.662;27.4873633;0.0;40.0137348
1.663;27.4831114;0.0;40.0166325
1.664;27.449851;0.0;39.9871624
1.665;27.4484404;0.0;39.9882563
1.666;27.4604972;0.0;39.9955086
1.667;27.4497494;0.0;39.9962396
1.668;27.4372711;0.0;40.0055465
1.669;27.4366526;0.0;40.0169623
1.67;27.422962;0.0;40.0264393
1.671;27.4201396;0.0;40.0268553
1.672;27.4466148;0.0;40.0363869
1.673;27.4446248;0.0;40.0275593
1.674;27.4145328;0.0;39.9867588
1.675;27.4138732;0.0;39.9843579
1.676;27.424889;0.0;40.0012372
1.677;27.426276;0.0;40.0009569
1.678;27.4426469;0.0;40.0135195
1.679;27.4292791;0.0;40.003307
1.68;27.3904423;0.0;39.9691966
1.681;27.3760416;0.0;39.9524714
1.682;27.3617501;0.0;39.9360855
1.683;27.3402407;0.0;39.923319
1.684;27.3232248;0.0;39.9136006
1.685;27.3142161;0.0;39.9060645
1.686;27.3095619;0.0;39.9048483
1.687;27.2673169;0.0;39.8898445
1.688;27.2064316;0.0;39.8754172
1.689;27.2071246;0.0;39.8341417
1.69;27.2060263;0.0;39.8022015
1.691;27.2140558;0.0;39.8233634
1.692;27.2289578;0.0;39.8115363
1.693;27.2061854;0.0;39.7813213
1.694;27.1589385;0.0;39.7859678
1.695;27.1381758;0.0;39.7686315
1.696;27.1528916;0.0;39.7403167
1.697;27.0977118;0.0;39.7521397
1.698;27.070397;0.0;39.7530443
1.699;27.0777715;0.0;39.7399681
1.7;27.0620697;0.0;39.7311634
1.701;27.0489039;0.0;39.734515
1.702;27.0292524;0.0;39.7237651
1.703;26.9668419;0.0;39.6933007
1.704;26.9411693;0.0;39.6779367
1.705;26.9731002;0.0;39.6747007
1.706;26.946589;0.0;39.6512509
1.707;26.8801461;0.0;39.618528
1.708;26.8529005;0.0;39.5971335
1.709;26.7950672;0.0;39.5594229
1.71;26.7676136;0.0;39.5366381
1.711;26.8248008;0.0;39.5614865
1.712;26.821225;0.0;39.5348815
1.713;26.7753355;0.0;39.4474529
1.714;26.7467855;0.0;39.4206043
1.715;26.7072482;0.0;39.420868
1.716;26.6670907;0.0;39.3890391
1.717;26.6331079;0.0;39.3781323
1.718;26.5978357;0.0;39.3608718
1.719;26.5484804;0.0;39.3003576
1.72;26.5124889;0.0;39.2604318
1.721;26.4902929;0.0;39.2600352
1.722;26.4654221;0.0;39.2313523
1.723;26.4485314;0.0;39.1794138
1.724;26.4170292;0.0;39.1281255
1.725;26.3833954;0.0;39.074022
1.726;26.3403943;0.0;39.0188485
1.727;26.2719087;0.0;38.937692
1.728;26.231875;0.0;38.9003615
1.729;26.2205596;0.0;38.899059
1.73;26.1617203;0.0;38.8652631
1.731;26.0693079;0.0;38.8257327
1.732;26.0355554;0.0;38.8157617
1.733;25.9977597;0.0;38.8158893
1.734;25.970115;0.0;38.7795519
1.735;26.0057843;0.0;38.7536301
1.736;25.9909768;0.0;38.7259954
1.737;25.9293923;0.0;38.6489909
1.738;25.9056601;0.0;38.6179467
1.739;25.9099789;0.0;38.6501496
1.74;25.871732;0.0;38.6023768
1.741;25.8172557;0.0;38.5055974
1.742;25.7733101;0.0;38.4621358
1.743;25.7096844;0.0;38.4155488
1.744;25.6661253;0.0;38.3650341
1.745;25.6377752;0.0;38.3408321
1.746;25.6175906;0.0;38.3110922
1.747;25.5835074;0.0;38.2433464
1.748;25.5768237;0.0;38.2224563
1.749;25.5432093;0.0;38.1826491
1.75;25.4770604;0.0;38.098901
1.751;25.4202104;0.0;38.0445754
1.752;25.3378815;0.0;38.0133345
1.753;25.2819153;0.0;37.9661809
1.754;25.273521;0.0;37.9468955
1.755;25.2207603;0.0;37.8878192
1.756;25.1410119;0.0;37.7615009
1.757;25.0836566;0.0;37.68913
1.758;24.981619;0.0;37.6169607
1.759;24.9385601;0.0;37.5677238
1.76;24.9962709;0.0;37.6020898
1.761;24.9654296;0.0;37.5602188
1.762;24.8952323;0.0;37.4590745
1.763;24.8526575;0.0;37.4040352
1.764;24.7656934;0.0;37.3350292
1.765;24.7111214;0.0;37.2790907
1.766;24.716975;0.0;37.2716552
1.767;24.6809907;0.0;37.2322846
1.768;24.6050709;0.0;37.1417051
1.769;24.5678492;0.0;37.1178453
1.77;24.5583033;0.0;37.1543967
1.771;24.5121044;0.0;37.1233588
1.772;24.4503161;0.0;37.0971054
1.773;24.422744;0.0;37.0490055
1.774;24.3803127;0.0;36.9108473
1.775;24.3640085;0.0;36.8885146
1.776;24.4030976;0.0;36.9509409
1.777;24.3988688;0.0;36.928381
1.778;24.3824021;0.0;36.922628
1.779;24.3426282;0.0;36.8779057
1.78;24.2789616;0.0;36.7422926
1.781;24.2460007;0.0;36.7249368
1.782;24.1876031;0.0;36.7568035
1.783;24.1975674;0.0;36.785808
1.784;24.2766243;0.0;36.8758493
1.785;24.2180757;0.0;36.815151
1.786;24.2162947;0.0;36.8032009
1.787;24.1947912;0.0;36.7634411
1.788;24.1895542;0.0;36.7509358
1.789;24.3041499;0.0;36.8250217
1.79;24.3161591;0.0;36.846255
1.791;24.1953105;0.0;36.8163755
1.792;24.1786615;0.0;36.8238503
1.793;24.1906096;0.0;36.8551452
1.794;24.180329;0.0;36.8463616
1.795;24.2512161;0.0;36.8187195
1.796;24.255482;0.0;36.8226753
1.797;24.1475564;0.0;36.7968386
1.798;24.1285238;0.0;36.8046324
1.799;24.1552846;0.0;36.8979547
1.8;24.1642729;0.0;36.9139465
1.801;24.1301395;0.0;36.9326597
1.802;24.0547844;0.0;36.954888
1.803;23.9863997;0.0;36.9273831
1.804;23.999531;0.0;36.9387439
1.805;24.0351573;0.0;36.8875066
1.806;24.0701699;0.0;36.8956305
1.807;24.2000546;0.0;36.9529169
1.808;24.2477948;0.0;37.0751978
1.809;24.2712794;0.0;37.1238237
1.81;24.2301315;0.0;37.1036339
1.811;24.1508421;0.0;37.0869116
1.812;24.1899246;0.0;37.0444926
1.813;24.1852198;0.0;37.0492082
1.814;24.1713629;0.0;37.0936737
1.815;24.1410647;0.0;37.1115923
1.816;24.1036339;0.0;37.1629759
1.817;24.0547561;0.0;37.1463187
1.818;24.103148;0.0;37.1905621
1.819;24.1248821;0.0;37.1700453
1.82;24.159257;0.0;37.1689741
1.821;24.1303299;0.0;37.2126253
1.822;24.1041003;0.0;37.1983219
1.823;23.9635356;0.0;37.1060518
1.824;23.94871;0.0;37.0763313
1.825;24.0311347;0.0;37.0531538
1.826;24.0572578;0.0;37.0261558
1.827;24.1453673;0.0;37.0264829
1.828;24.0979213;0.0;36.9813859
1.829;23.9687002;0.0;36.908723
1.83;23.9594267;0.0;36.9849253
1.831;23.9385228;0.0;37.0000255
1.832;23.9360521;0.0;37.0491449
1.833;23.8895763;0.0;37.0140058
1.834;23.8341229;0.0;36.8927602
1.835;23.7779764;0.0;36.8297907
1.836;23.669754;0.0;36.7210885
1.837;23.6102094;0.0;36.7200629
1.838;23.5367338;0.0;36.6700228
1.839;23.5890295;0.0;36.7029714
1.84;23.5416123;0.0;36.632596
1.841;23.387938;0.0;36.3822717
1.842;23.3657969;0.0;36.3421294
1.843;23.4456583;0.0;36.455615
1.844;23.4036449;0.0;36.4105755
1.845;23.3647112;0.0;36.36471
1.846;23.3480186;0.0;36.4223323
1.847;23.2134236;0.0;36.2165355
1.848;23.0924241;0.0;35.9105526
1.849;22.9386659;0.0;35.702574
1.85;22.7756941;0.0;35.4850315
1.851;22.6212661;0.0;35.2963947
1.852;22.4362401;0.0;35.1643411
1.853;22.2283824;0.0;34.9895044
1.854;21.9797062;0.0;34.8089201
1.855;21.8366753;0.0;34.6244635
1.856;21.6598515;0.0;34.4498722
1.857;21.4742296;0.0;34.2760412
1.858;21.302861;0.0;34.0045841
1.859;21.2459662;0.0;33.6683719
1.86;21.0024849;0.0;33.3487043
1.861;20.6127882;0.0;32.9737744
1.862;20.3190927;0.0;32.5814513
1.863;19.98708;0.0;32.1829305
1.864;19.6497388;0.0;31.7805986
1.865;19.3793591;0.0;31.3204471
1.866;19.0518121;0.0;30.8482382
1.867;18.6663565;0.0;30.3805509
1.868;18.1570563;0.0;29.9617692
1.869;17.7568397;0.0;29.458379
1.87;17.4112519;0.0;28.9221543
1.871;16.9935446;0.0;28.3278149
1.872;16.5761479;0.0;27.6724495
1.873;16.1631858;0.0;27.0349209
1.874;15.7702694;0.0;26.3805615
1.875;15.2798133;0.0;25.7151125
1.876;14.7106444;0.0;25.0355461
1.877;14.2187556;0.0;24.3030533
1.878;13.7508949;0.0;23.6071313
1.879;13.2191325;0.0;22.8929854
1.88;12.7546508;0.0;22.169876
1.881;12.4245714;0.0;21.4546916
1.882;12.0020058;0.0;20.7277729
1.883;11.4689253;0.0;19.9195046
1.884;11.0276266;0.0;19.162077
1.885;10.6652106;0.0;18.3882821
1.886;10.1916648;0.0;17.6791944
1.887;9.8014329;0.0;16.9591903
1.888;9.4843726;0.0;16.254944
1.889;9.13375;0.0;15.5271278
1.89;8.751787;0.0;14.749676
1.891;8.4315973;0.0;14.0680649
1.892;8.1435099;0.0;13.4392851
1.893;7.846179;0.0;12.8052682
1.894;7.5577268;0.0;12.2573481
1.895;7.3340737;0.0;11.6508798
1.896;7.0903247;0.0;11.0945088
1.897;6.8581366;0.0;10.5276105
1.898;6.6367299;0.0;10.0050829
1.899;6.4412045;0.0;9.5338438
1.9;6.2474818;0.0;9.0876621
1.901;6.0065497;0.0;8.643694
1.902;5.8615274;0.0;8.2748431
1.903;5.8477769;0.0;8.0279702
1.904;5.7441849;0.0;7.7482283
1.905;5.6263801;0.0;7.4970176
1.906;5.5432503;0.0;7.2645076
1.907;5.5176212;0.0;7.0544307
1.908;5.5019903;0.0;6.8649233
1.909;5.4294086;0.0;6.674852
1.91;5.4691021;0.0;6.5412045
1.911;5.4053476;0.0;6.357033
1.912;5.1253879;0.0;6.1283879
1.913;5.0057417;0.0;5.950882
1.914;4.9839395;0.0;5.7826866
1.915;4.9020446;0.0;5.5910291
1.916;4.884594;0.0;5.4966978
1.917;4.9612909;0.0;5.477748
1.918;4.9450672;0.0;5.413218
1.919;4.852295;0.0;5.3948047
1.92;4.8844861;0.0;5.3618411
1.921;4.9558931;0.0;5.2676124
1.922;5.0125506;0.0;5.2479003
1.923;5.2497813;0.0;5.328063
1.924;5.3087367;0.0;5.3326745
1.925;5.2372825;0.0;5.2388667
1.926;5.1629195;0.0;5.3380784
1.927;5.0833964;0.0;5.3439125
1.928;4.9023918;0.0;5.3150322
1.929;4.8118056;0.0;5.2885375
1.93;4.7569847;0.0;5.3078514
1.931;4.7088982;0.0;5.2475937
1.932;4.6396703;0.0;5.071696
1.933;4.6514871;0.0;5.0057992
1.934;4.714873;0.0;4.9271218
1.935;4.7936012;0.0;4.9029408
1.936;4.9291258;0.0;4.9773639
1.937;5.1349073;0.0;5.0711936
1.938;5.1868898;0.0;5.0707729
1.939;5.1676179;0.0;5.003691
1.94;5.2002717;0.0;5.0412401
1.941;5.197841;0.0;5.0422047
1.942;5.1639958;0.0;5.1136563
1.943;5.1355359;0.0;5.317132
1.944;5.1247264;0.0;5.4668493
1.945;5.0547061;0.0;5.6704926
1.946;5.0011857;0.0;5.7656818
1.947;4.9426344;0.0;5.7848977
1.948;4.9540047;0.0;5.8129304
1.949;5.0252685;0.0;5.8659047
1.95;5.133135;0.0;5.835094
1.951;5.1990308;0.0;5.9000502
1.952;5.3908362;0.0;6.0545205
1.953;5.4436262;0.0;6.1812963
1.954;5.3615168;0.0;6.3221962
1.955;5.3368957;0.0;6.4432803
1.956;5.2389307;0.0;6.5654045
1.957;5.2490507;0.0;6.6988457
1.958;5.3571918;0.0;6.793847
1.959;5.414408;0.0;6.9309799
1.96;5.4549474;0.0;7.0937426
1.961;5.5542406;0.0;7.3424194
1.962;5.5884241;0.0;7.4747379
1.963;5.5329274;0.0;7.6389051
1.964;5.5235505;0.0;7.6650825
1.965;5.5457235;0.0;7.3879722
1.966;5.5403822;0.0;7.456793
1.967;5.4761091;0.0;7.700637
1.968;5.470754;0.0;7.8242436
1.969;5.4285636;0.0;8.0612637
1.97;5.5069142;0.0;8.3411376
1.971;5.5820865;0.0;8.4885386
1.972;5.7554726;0.0;8.4335596
1.973;5.8060853;0.0;8.5185889
1.974;5.8087936;0.0;8.679306
1.975;5.8652444;0.0;8.7750731
1.976;5.909943;0.0;8.7628481
1.977;5.9268239;0.0;8.8958544
1.978;5.9534248;0.0;9.1276012
1.979;6.0019152;0.0;9.2983784
1.98;5.9967452;0.0;9.5611973
1.981;6.0246109;0.0;9.7522329
1.982;6.0817043;0.0;9.8985012
1.983;6.2081555;0.0;9.9636168
1.984;6.3107598;0.0;10.0409194
1.985;6.4326765;0.0;10.097779
1.986;6.5057519;0.0;10.1498782
1.987;6.5884278;0.0;10.0558524
1.988;6.6393573;0.0;10.1940561
1.989;6.612316;0.0;10.5028406
1.99;6.6318465;0.0;10.7127849
1.991;6.6790474;0.0;11.1162897
1.992;6.7086594;0.0;11.3336419
1.993;6.7356328;0.0;11.4528937
1.994;6.7684595;0.0;11.3647668
1.995;6.7875965;0.0;11.4727391
1.996;6.7701429;0.0;11.5989453
1.997;6.8124724;0.0;11.6748819
1.998;6.9299682;0.0;11.7722454
1.999;6.9343012;0.0;11.8949186
2;6.8176187;0.0;11.9015171
2.001;6.8773388;0.0;12.0571217
2.002;7.0199019;0.0;12.4800327
2.003;7.0724509;0.0;12.6763264
2.004;7.1977051;0.0;12.7693997
2.005;7.3226343;0.0;12.906155
2.006;7.4150933;0.0;13.0093958
2.007;7.3719696;0.0;12.9843645
2.008;7.4187787;0.0;13.0442471
2.009;7.5249124;0.0;13.1135899
2.01;7.6440707;0.0;13.2900569
2.011;7.7566851;0.0;13.5596822
2.012;7.864622;0.0;13.7230828
2.013;8.1086699;0.0;13.9438599
2.014;8.1955726;0.0;14.1424937
2.015;8.1087566;0.0;14.2429577
2.016;8.1178759;0.0;14.3466399
2.017;8.130417;0.0;14.4558626
2.018;8.1153579;0.0;14.6045816
2.019;8.1033827;0.0;14.7951191
2.02;8.1042984;0.0;14.9986244
2.021;8.1563307;0.0;15.1297438
2.022;8.1856597;0.0;15.2807753
2.023;8.260246;0.0;15.4605005
2.024;8.4776258;0.0;15.62905
2.025;8.5719238;0.0;15.6990245
2.026;8.5670861;0.0;15.7529204
2.027;8.6355322;0.0;15.8533052
2.028;8.7223342;0.0;15.8149715
2.029;8.7814485;0.0;15.8516952
2.03;8.8428334;0.0;15.9446686
2.031;8.9474017;0.0;16.192584
2.032;8.9987766;0.0;16.3452613
2.033;9.0009354;0.0;16.4691289
2.034;9.0164817;0.0;16.5827089
2.035;9.0079759;0.0;16.7298037
2.036;9.0467266;0.0;16.8267747
2.037;9.0827471;0.0;16.8344081
2.038;9.1498307;0.0;16.9110649
2.039;9.2686072;0.0;16.9600669
2.04;9.3784959;0.0;17.0993626
2.041;9.5466714;0.0;17.383848
2.042;9.6398363;0.0;17.5533018
2.043;9.7042562;0.0;17.7016656
2.044;9.7216537;0.0;17.9006287
2.045;9.8088116;0.0;17.9916133
2.046;9.9246079;0.0;17.9420953
2.047;9.9254667;0.0;17.980228
2.048;9.889099;0.0;17.9876177
2.049;9.9253218;0.0;18.0790722
2.05;9.9237406;0.0;18.2745108
2.051;9.8775717;0.0;18.359486
2.052;9.8518444;0.0;18.4002571
2.053;9.8729776;0.0;18.5134836
2.054;9.7911905;0.0;18.5839644
2.055;9.7937906;0.0;18.6731675
2.056;9.924509;0.0;18.8293451
2.057;10.0932738;0.0;19.0365793
2.058;10.193533;0.0;19.195119
2.059;10.2549872;0.0;19.2993109
2.06;10.3091302;0.0;19.4474863
2.061;10.3614895;0.0;19.6494062
2.062;10.4002995;0.0;19.7675733
2.063;10.3389258;0.0;19.818289
2.064;10.4279385;0.0;19.9442519
2.065;10.6857614;0.0;20.1447815
2.066;10.7622716;0.0;20.2176011
2.067;10.8380916;0.0;20.2519695
2.068;10.8907382;0.0;20.2870039
2.069;10.9237088;0.0;20.2276777
2.07;10.7098524;0.0;20.0902277
2.071;10.6383178;0.0;20.1887452
2.072;10.5744542;0.0;20.4878498
2.073;10.6175162;0.0;20.588544
2.074;10.6855106;0.0;20.7136038
2.075;10.7503327;0.0;20.807279
2.076;10.9513735;0.0;20.7545339
2.077;11.0478558;0.0;20.8145232
2.078;10.9986399;0.0;20.9859914
2.079;11.1131314;0.0;21.103619
2.08;11.3765466;0.0;21.2292338
2.081;11.5007474;0.0;21.2943319
2.082;11.6490682;0.0;21.2517269
2.083;11.7462749;0.0;21.3252452
2.084;11.7374163;0.0;21.4068687
2.085;11.6967936;0.0;21.5320012
2.086;11.7012666;0.0;21.6848494
2.087;11.7358697;0.0;21.9587763
2.088;11.7413177;0.0;22.1298314
2.089;11.7336438;0.0;22.3279981
2.09;11.7335264;0.0;22.3901671
2.091;11.6542606;0.0;22.2802047
2.092;11.7121812;0.0;22.3596975
2.093;11.855868;0.0;22.4838155
2.094;11.9830753;0.0;22.5345269
2.095;12.3482266;0.0;22.6742817
2.096;12.4460396;0.0;22.7677804
2.097;12.2533454;0.0;22.7242721
2.098;12.2464258;0.0;22.7166909
2.099;12.3086493;0.0;22.6690636
2.1;12.1805559;0.0;22.8079713
2.101;12.121383;0.0;22.9122367
2.102;12.185658;0.0;22.9862389
2.103;12.185056;0.0;23.1220129
2.104;11.9889988;0.0;23.3893682
2.105;12.0646374;0.0;23.5469473
2.106;12.3850875;0.0;23.7187992
2.107;12.5092939;0.0;23.7921682
2.108;12.6562526;0.0;23.7289039
2.109;12.7558072;0.0;23.769312
2.11;12.6971288;0.0;23.7498025
2.111;12.7870239;0.0;23.8192911
2.112;13.0534077;0.0;24.0279665
2.113;13.1410863;0.0;24.1862943
2.114;13.2168636;0.0;24.3951327
2.115;13.1568413;0.0;24.5240155
2.116;13.2113649;0.0;24.6218424
2.117;13.1964205;0.0;24.6302233
2.118;13.2322102;0.0;24.7833604
2.119;13.3796491;0.0;24.9727427
2.12;13.4404071;0.0;25.1152773
2.121;13.4272901;0.0;25.3844416
2.122;13.4215796;0.0;25.5161571
2.123;13.4282056;0.0;25.5349841
2.124;13.4373057;0.0;25.5373764
2.125;13.3291197;0.0;25.3452426
2.126;13.3751915;0.0;25.4168943
2.127;13.5780042;0.0;25.6970713
2.128;13.6830655;0.0;25.7991439
2.129;13.7511387;0.0;25.9918068
2.13;13.9879776;0.0;26.1707235
2.131;13.9972916;0.0;25.9859229
2.132;13.9625994;0.0;25.8044456
2.133;13.9863367;0.0;25.8217564
2.134;14.0275222;0.0;25.938991
2.135;13.9867643;0.0;25.9984181
2.136;13.8447988;0.0;26.1920861
2.137;13.9266168;0.0;26.2523933
2.138;14.1492526;0.0;26.2064526
2.139;14.1902995;0.0;26.2231546
2.14;14.2981167;0.0;26.2365294
2.141;14.3497202;0.0;26.2482781
2.142;14.1269561;0.0;26.2023527
2.143;14.1173644;0.0;26.2740177
2.144;14.3445106;0.0;26.46832
2.145;14.4297143;0.0;26.5636879
2.146;14.419551;0.0;26.5915549
2.147;14.552885;0.0;26.8056697
2.148;14.6110471;0.0;27.0271017
2.149;14.6210478;0.0;26.9806096
2.15;14.712195;0.0;26.9441205
2.151;14.9095706;0.0;26.8277395
2.152;14.91192;0.0;26.9167989
2.153;14.7968394;0.0;27.0195714
2.154;14.8637629;0.0;27.0579111
2.155;14.9914373;0.0;27.3002055
2.156;14.9779759;0.0;27.3599898
2.157;14.9576719;0.0;27.1005045
2.158;15.0010566;0.0;27.1010403
2.159;14.9707715;0.0;27.2701543
2.16;14.9252334;0.0;27.344635
2.161;14.9750308;0.0;27.4745169
2.162;14.9821579;0.0;27.5559226
2.163;14.8232692;0.0;27.5671508
2.164;14.7802298;0.0;27.6031333
2.165;14.7627617;0.0;27.7108712
2.166;14.9993862;0.0;27.6723785
2.167;15.046342;0.0;27.4829089
2.168;14.8939897;0.0;27.4697084
2.169;14.8688285;0.0;27.4511633
2.17;14.8005727;0.0;27.3821421
2.171;14.7608727;0.0;27.3883603
2.172;14.7604795;0.0;27.4451085
2.173;14.7764898;0.0;27.5858878
2.174;14.7795989;0.0;27.8745373
2.175;14.7866755;0.0;27.9369364
2.176;14.8380657;0.0;28.0336945
2.177;14.8981582;0.0;28.0830389
2.178;14.9390619;0.0;27.8406034
2.179;15.0063612;0.0;27.7711806
2.18;15.1458546;0.0;27.8036261
2.181;15.2216625;0.0;27.8686877
2.182;15.2565356;0.0;27.9706713
2.183;15.2789047;0.0;28.1084683
2.184;15.2281759;0.0;28.4536405
2.185;15.3331966;0.0;28.5635151
2.186;15.2418877;0.0;28.5749036
2.187;15.0885192;0.0;28.7010459
2.188;15.0248043;0.0;28.598473
2.189;15.0435297;0.0;28.5899
2.19;15.1161274;0.0;28.6353566
2.191;15.3700843;0.0;28.7376148
2.192;15.5229729;0.0;28.7393083
2.193;15.705338;0.0;28.7691117
2.194;15.7541777;0.0;28.753645
2.195;15.7542688;0.0;28.6114081
2.196;15.7213071;0.0;28.6166181
2.197;15.5157468;0.0;28.659168
2.198;15.4572926;0.0;28.7674967
2.199;15.4420799;0.0;29.085427
2.2;15.4610381;0.0;29.1746269
2.201;15.5723881;0.0;29.147996
2.202;15.6289316;0.0;29.2113465
2.203;15.6623148;0.0;29.2726742
2.204;15.732877;0.0;29.1723557
2.205;15.798654;0.0;29.0383351
2.206;15.9301127;0.0;28.864788
2.207;15.9536524;0.0;28.6652497
2.208;16.0068013;0.0;28.6944523
2.209;15.9848313;0.0;28.7246073
2.21;15.7890149;0.0;28.8139361
2.211;15.8334246;0.0;28.9730445
2.212;16.0769483;0.0;29.2030125
2.213;16.046583;0.0;29.1296683
2.214;15.9677801;0.0;29.0147695
2.215;15.9293122;0.0;28.9640183
2.216;15.6917544;0.0;28.6249786
2.217;15.5922419;0.0;28.5037278
2.218;15.6639693;0.0;28.5825231
2.219;15.6542435;0.0;28.7058602
2.22;15.5230803;0.0;28.8990658
2.221;15.582122;0.0;28.9664074
2.222;15.853175;0.0;29.1196916
2.223;15.9173293;0.0;29.2683306
2.224;15.9303194;0.0;29.283475
2.225;15.9859736;0.0;29.2804017
2.226;15.9583759;0.0;29.3710576
2.227;15.9339104;0.0;29.3932499
2.228;16.0877658;0.0;29.2427658
2.229;16.0296815;0.0;29.265806
2.23;15.6794226;0.0;29.0351037
2.231;15.4940182;0.0;28.7300694
2.232;15.4867774;0.0;28.9589816
2.233;15.5687627;0.0;29.0019895
2.234;15.8584038;0.0;29.0499729
2.235;15.9869924;0.0;29.4926061
2.236;15.9673998;0.0;29.5242677
2.237;15.6830034;0.0;29.135535
2.238;15.6972305;0.0;28.9687785
2.239;15.8412471;0.0;28.8904483
2.24;15.7502365;0.0;28.6692566
2.241;15.5969394;0.0;28.2348535
2.242;15.5807183;0.0;28.1432357
2.243;15.3689262;0.0;28.1009783
2.244;15.345787;0.0;28.1627954
2.245;15.8908938;0.0;28.7207496
2.246;15.8093339;0.0;28.7434035
2.247;15.0894164;0.0;28.4053287
2.248;14.9282356;0.0;28.3603765
2.249;14.7945325;0.0;28.2904067
2.25;14.7388165;0.0;28.0705008
2.251;15.245427;0.0;27.858176
2.252;15.3637158;0.0;27.7754635
2.253;15.1028219;0.0;27.5697425
2.254;14.9736976;0.0;27.3803879
2.255;14.704446;0.0;27.203209
2.256;14.6879606;0.0;27.4527745
2.257;14.6977262;0.0;27.4214783
2.258;14.6205655;0.0;27.2777068
2.259;14.4705215;0.0;27.4946838
2.26;14.5937034;0.0;27.6622179
2.261;14.6324783;0.0;27.4874216
2.262;14.4046249;0.0;27.3802002
2.263;14.3317818;0.0;27.2698664
2.264;14.2088764;0.0;26.9858705
2.265;14.1214501;0.0;26.8362123
2.266;14.1592441;0.0;26.8278779
2.267;14.1107846;0.0;26.7765498
2.268;14.0079817;0.0;26.690073
2.269;13.8953605;0.0;26.6395055
2.27;13.7240753;0.0;26.7010269
2.271;13.5756069;0.0;26.5951442
2.272;13.2860502;0.0;26.4011251
2.273;13.3510028;0.0;26.2532245
2.274;13.806854;0.0;26.0072198
2.275;13.8552974;0.0;25.855889
2.276;13.9234394;0.0;25.748769
2.277;13.8932331;0.0;25.6689651
2.278;13.3214104;0.0;25.6254828
2.279;13.2188889;0.0;25.5633137
2.28;13.6566816;0.0;25.6240985
2.281;13.671938;0.0;25.5426852
2.282;13.5091372;0.0;25.2812822
2.283;13.4722833;0.0;25.1627463
2.284;13.3015774;0.0;24.9846809
2.285;13.1683887;0.0;24.9553905
2.286;13.2107824;0.0;25.0315025
2.287;13.1438652;0.0;25.2284775
2.288;13.1325004;0.0;25.8202901
2.289;13.1432783;0.0;26.1524735
2.29;12.9478375;0.0;25.910438
2.291;13.1039374;0.0;25.8173629
2.292;13.6907093;0.0;25.688969
2.293;13.745453;0.0;25.2689079
2.294;13.7644054;0.0;25.1968437
2.295;13.8653307;0.0;25.3143039
2.296;13.1198179;0.0;25.1597606
2.297;12.4943624;0.0;24.8133493
2.298;12.4780091;0.0;24.7387116
2.299;12.9467899;0.0;24.9611078
2.3;13.1105564;0.0;24.9657003
2.301;13.7526106;0.0;24.8999206
2.302;13.7328886;0.0;24.8683244
2.303;13.0840821;0.0;24.6677031
2.304;12.9964714;0.0;24.6646387
2.305;13.0039659;0.0;25.0640901
2.306;12.7964031;0.0;24.862221
2.307;12.5965021;0.0;24.1782605
2.308;12.7359411;0.0;24.2327287
2.309;12.9696971;0.0;24.3829069
2.31;12.907112;0.0;24.3778154
2.311;13.0900782;0.0;24.9833279
2.312;13.1120666;0.0;24.991361
2.313;12.6189341;0.0;24.158577
2.314;12.3889152;0.0;23.9739571
2.315;12.5073924;0.0;24.1590821
2.316;12.4092214;0.0;24.1312801
2.317;12.0208272;0.0;24.2361427
2.318;11.8484777;0.0;24.1954818
2.319;11.7640663;0.0;23.9319863
2.32;11.8022544;0.0;23.8079418
2.321;11.9665388;0.0;23.6899531
2.322;12.00426;0.0;23.6118812
2.323;12.1448709;0.0;23.5778767
2.324;12.2426253;0.0;23.4453543
2.325;12.3396924;0.0;23.4587602
2.326;12.2261139;0.0;23.2931406
2.327;11.8968783;0.0;22.6889518
2.328;11.8501504;0.0;22.5784252
2.329;11.55433;0.0;22.8934369
2.33;11.6142654;0.0;22.7001305
2.331;12.3399058;0.0;22.667028
2.332;12.5033837;0.0;22.9737649
2.333;12.3785293;0.0;23.0050088
2.334;12.251716;0.0;22.9353999
2.335;12.2737378;0.0;22.7936967
2.336;12.4980717;0.0;22.8884248
2.337;12.269245;0.0;22.8846384
2.338;11.816046;0.0;22.7133707
2.339;11.4145128;0.0;22.8625053
2.34;11.1923487;0.0;22.940168
2.341;11.3103668;0.0;22.8991066
2.342;11.5212806;0.0;22.5788781
2.343;11.7799194;0.0;22.2438599
2.344;11.9578599;0.0;22.0652673
2.345;11.6559068;0.0;21.6763533
2.346;11.5497891;0.0;21.6963114
2.347;11.7935514;0.0;22.2889578
2.348;11.47205;0.0;22.5288229
2.349;11.0301866;0.0;22.1578113
2.35;10.8757305;0.0;21.9834044
2.351;10.7143683;0.0;21.8981078
2.352;10.5812538;0.0;21.3078902
2.353;10.4944936;0.0;21.1783068
2.354;10.9742484;0.0;21.9425039
2.355;11.0933913;0.0;21.9440574
2.356;10.708438;0.0;21.3332062
2.357;10.6521261;0.0;21.3151769
2.358;10.9429933;0.0;21.6809157
2.359;10.9627594;0.0;21.3419524
2.36;10.8522314;0.0;20.5908279
2.361;10.7870512;0.0;20.4420048
2.362;10.6015827;0.0;20.2097606
2.363;10.7929758;0.0;20.0814735
2.364;11.3213028;0.0;20.6784904
2.365;11.1894074;0.0;20.5728195
2.366;10.8259558;0.0;19.7999195
2.367;10.7813482;0.0;19.4639592
2.368;10.6642748;0.0;19.1662773
2.369;10.3278402;0.0;18.9194396
2.37;10.1301738;0.0;18.8142762
2.371;9.9841754;0.0;18.7096288
2.372;9.1937827;0.0;18.5310556
2.373;8.9591878;0.0;18.6039894
2.374;9.657082;0.0;19.0838991
2.375;9.5571269;0.0;19.0528814
2.376;8.9948368;0.0;18.8185038
2.377;8.7888384;0.0;18.7142373
2.378;8.4225501;0.0;18.2225581
2.379;8.1418769;0.0;18.0580992
2.38;8.0107777;0.0;18.371636
2.381;8.0527985;0.0;18.3965679
2.382;8.0381283;0.0;18.2799917
2.383;8.3777068;0.0;18.3137681
2.384;9.3890149;0.0;18.3525336
2.385;9.6333367;0.0;18.1733017
2.386;9.8382668;0.0;17.9278629
2.387;9.8601434;0.0;17.9978217
2.388;8.9271036;0.0;18.0301795
2.389;9.0166482;0.0;18.0899137
2.39;9.7326247;0.0;18.4829336
2.391;9.7793419;0.0;18.6332665
2.392;9.9424732;0.0;18.4924299
2.393;10.3083553;0.0;18.6708925
2.394;10.8295896;0.0;19.338475
2.395;10.5710135;0.0;19.2652009
2.396;9.8889115;0.0;18.5993364
2.397;9.441594;0.0;18.5545504
2.398;8.2135039;0.0;18.5184142
2.399;7.6427188;0.0;18.3039825
2.4;7.9331049;0.0;18.3290431
2.401;7.9496483;0.0;18.4017951
2.402;7.7890601;0.0;18.299641
2.403;7.6101387;0.0;18.0621988
2.404;7.5811656;0.0;18.231742
2.405;7.6333561;0.0;17.9626375
2.406;7.4610664;0.0;16.7710053
2.407;7.5903543;0.0;16.4876514
2.408;8.1255656;0.0;16.6425253
2.409;8.2797421;0.0;16.6153197
2.41;8.5434561;0.0;16.9813788
2.411;8.388787;0.0;17.0946996
2.412;7.6527615;0.0;16.8466784
2.413;7.6597592;0.0;16.9985349
2.414;7.7299846;0.0;17.7111205
2.415;7.8989284;0.0;17.5531453
2.416;8.6763199;0.0;16.7061074
2.417;8.9377831;0.0;16.7138136
2.418;9.0795988;0.0;16.9458106
2.419;8.9788387;0.0;16.7626581
2.42;8.2402489;0.0;17.0995042
2.421;8.2732796;0.0;17.0871177
2.422;8.8986908;0.0;16.0995173
2.423;8.5387359;0.0;15.3946493
2.424;7.7600439;0.0;14.9786753
2.425;7.9398385;0.0;14.6563737
2.426;8.0349371;0.0;14.3678253
2.427;7.7647303;0.0;14.0309151
2.428;8.3588643;0.0;13.4385561
2.429;8.5305715;0.0;13.3889788
2.43;7.4713704;0.0;13.6363462
2.431;6.9267059;0.0;13.6200059
2.432;7.4807371;0.0;14.3130849
2.433;7.0193838;0.0;14.6644703
2.434;5.3105873;0.0;14.3977179
2.435;5.088559;0.0;14.1620469
2.436;4.8040048;0.0;13.8448586
2.437;5.5587494;0.0;13.6148946
2.438;8.2168876;0.0;13.1256155
2.439;9.4471795;0.0;13.0233177
2.44;11.1442586;0.0;13.6387451
2.441;11.4518375;0.0;13.3683489
2.442;10.2624993;0.0;12.7957428
2.443;9.5043891;0.0;12.3619978
2.444;7.8899441;0.0;11.0848067
2.445;7.530109;0.0;10.9020889
2.446;7.9536422;0.0;11.5976059
2.447;6.8819441;0.0;11.2632627
2.448;6.697241;0.0;11.2909553
2.449;6.3909528;0.0;12.0024567
2.45;5.1109975;0.0;12.6597562
2.451;5.6999184;0.0;11.9753441
2.452;6.7436327;0.0;12.385778
2.453;7.9244716;0.0;12.2299493
2.454;9.167468;0.0;10.8803982
2.455;7.771768;0.0;11.2331443
2.456;7.9802605;0.0;11.4680079
2.457;7.8893038;0.0;11.4326232
2.458;5.5112619;0.0;11.0789546
2.459;6.408548;0.0;10.9727792
2.46;6.7430153;0.0;12.4090943
2.461;5.3209772;0.0;12.8049126
2.462;5.6368468;0.0;11.9491686
2.463;5.6144097;0.0;11.6970234
2.464;5.3878267;0.0;11.3552133
2.465;7.2217813;0.0;11.4863369
2.466;9.6655105;0.0;12.6689744
2.467;9.0030916;0.0;12.2164513
2.468;7.1785685;0.0;9.9363793
2.469;6.945294;0.0;9.1279052
2.47;6.6112432;0.0;10.0791454
2.471;6.5645486;0.0;9.99403
2.472;8.4700754;0.0;10.4324544
2.473;9.4972698;0.0;11.8045014
2.474;7.4811302;0.0;10.8274519
2.475;5.9228803;0.0;9.9654213
2.476;6.9612687;0.0;12.5766978
2.477;6.9105981;0.0;12.4925969
2.478;5.680096;0.0;8.1817216
2.479;7.2248209;0.0;7.9123859
2.48;8.513671;0.0;8.7307327
2.481;6.314066;0.0;7.3737676
2.482;6.4186422;0.0;8.6000343
2.483;7.1101951;0.0;11.738928
2.484;6.6408716;0.0;12.9325179
2.485;8.3158216;0.0;16.2719667
2.486;7.9747683;0.0;17.1000629
2.487;3.5642617;0.0;12.48273
2.488;1.9266554;0.0;11.7288887
2.489;0.6683641;0.0;13.4562242
2.49;1.4183542;0.0;12.3752686
2.491;6.7529814;0.0;10.8570596
2.492;7.9181179;0.0;10.0430988
2.493;6.5581834;0.0;5.2358449
2.494;5.6259367;0.0;5.4319616
2.495;0.840817;0.0;13.1307655
2.496;-1.0402297;0.0;13.2638285
2.497;0.7554096;0.0;9.8284327
2.498;5.3352916;0.0;11.0481478
2.499;9.4290885;0.0;10.0984423
2.5;13.6010275;0.0;10.84473
