wavelength;reflectance;direct_transmittance;diffuse_transmittance
0.4;3.7643092;0.0;0.4086542
0.401;3.7550077;0.0;0.42131305
0.402;3.7545493;0.0;0.45142065
0.403;3.7485088;0.0;0.47028045
0.404;3.7489202;0.0;0.47266585
0.405;3.7669448;0.0;0.4632443
0.406;3.75816265;0.0;0.4535664
0.407;3.75454235;0.0;0.46860615
0.408;3.7748433;0.0;0.5070427
0.409;3.7981724;0.0;0.50625695
0.41;3.78688325;0.0;0.49249615
0.411;3.75376655;0.0;0.48594115
0.412;3.7595637;0.0;0.50492595
0.413;3.7779962;0.0;0.5277873
0.414;3.78328005;0.0;0.53622735
0.415;3.7570478;0.0;0.5209782
0.416;3.7680282;0.0;0.5515108
0.417;3.7750161;0.0;0.56660215
0.418;3.7580148;0.0;0.53994
0.419;3.81367735;0.0;0.60860405
0.42;3.83402535;0.0;0.6492572
0.421;3.80480695;0.0;0.6384878
0.422;3.832252;0.0;0.6817475
0.423;3.84634885;0.0;0.69838515
0.424;3.83819175;0.0;0.68980725
0.425;3.82286135;0.0;0.6897359
0.426;3.8241193;0.0;0.70515295
0.427;3.84078265;0.0;0.728699
0.428;3.8629342;0.0;0.75054275
0.429;3.86896495;0.0;0.76484625
0.43;3.8732592;0.0;0.78450955
0.431;3.87930705;0.0;0.8094129
0.432;3.8645061;0.0;0.8126065
0.433;3.8706432;0.0;0.82550095
0.434;3.89077795;0.0;0.8462681
0.435;3.88649135;0.0;0.8523957
0.436;3.89457445;0.0;0.860527
0.437;3.90069705;0.0;0.87320505
0.438;3.88608455;0.0;0.88885605
0.439;3.8918438;0.0;0.9016426
0.44;3.910621;0.0;0.9230203
0.441;3.92554845;0.0;0.9528223
0.442;3.9024289;0.0;0.9542542
0.443;3.88943335;0.0;0.96331365
0.444;3.90255265;0.0;0.99620325
0.445;3.9286006;0.0;1.0533465
0.446;3.9355386;0.0;1.0934966
0.447;3.932402;0.0;1.12146875
0.448;3.94300985;0.0;1.1589083
0.449;3.93794135;0.0;1.1802972
0.45;3.92715175;0.0;1.2038452
0.451;3.92432885;0.0;1.24602305
0.452;3.9323408;0.0;1.29171515
0.453;3.945933;0.0;1.33267765
0.454;3.95934935;0.0;1.3680193
0.455;3.9658545;0.0;1.41042095
0.456;3.9642854;0.0;1.4368311
0.457;3.96290585;0.0;1.45472575
0.458;3.97639765;0.0;1.4899687
0.459;3.97756025;0.0;1.51168715
0.46;3.97013105;0.0;1.52399825
0.461;3.9659403;0.0;1.53785275
0.462;3.9730163;0.0;1.54690285
0.463;3.9794372;0.0;1.55816875
0.464;3.97766095;0.0;1.5733013
0.465;3.97432365;0.0;1.57745145
0.466;3.9738106;0.0;1.5824659
0.467;3.9760086;0.0;1.5921051
0.468;3.976306;0.0;1.6031674
0.469;3.9666993;0.0;1.60169295
0.47;3.9566241;0.0;1.5992113
0.471;3.96146655;0.0;1.6155478
0.472;3.9695761;0.0;1.6284774
0.473;3.9729859;0.0;1.64141075
0.474;3.96730095;0.0;1.6569611
0.475;3.9575323;0.0;1.65528085
0.476;3.95159895;0.0;1.6623489
0.477;3.95173815;0.0;1.68596925
0.478;3.9517157;0.0;1.70284775
0.479;3.9474381;0.0;1.7105549
0.48;3.93980075;0.0;1.7155109
0.481;3.93359335;0.0;1.731809
0.482;3.9412045;0.0;1.75392835
0.483;3.9503385;0.0;1.7751913
0.484;3.94639075;0.0;1.79062235
0.485;3.9532669;0.0;1.81247035
0.486;3.95384;0.0;1.83158575
0.487;3.942182;0.0;1.8454641
0.488;3.9549155;0.0;1.87561735
0.489;3.96505275;0.0;1.9086141
0.49;3.96408785;0.0;1.94008325
0.491;3.9627459;0.0;1.9747033
0.492;3.97142025;0.0;2.02001425
0.493;3.9823944;0.0;2.07185155
0.494;3.98048355;0.0;2.1210723
0.495;3.98809075;0.0;2.17664275
0.496;4.0051235;0.0;2.24491255
0.497;4.0257454;0.0;2.3274494
0.498;4.0405318;0.0;2.4076164
0.499;4.0526;0.0;2.4924072
0.5;4.0673031;0.0;2.5895464
0.501;4.09412855;0.0;2.7074539
0.502;4.1242672;0.0;2.83437005
0.503;4.15283505;0.0;2.96597055
0.504;4.1767139;0.0;3.1026122
0.505;4.21586635;0.0;3.26398065
0.506;4.2645341;0.0;3.4435282
0.507;4.3102331;0.0;3.6278887
0.508;4.3673784;0.0;3.8325835
0.509;4.4337374;0.0;4.0556662
0.51;4.50617375;0.0;4.2937869
0.511;4.58613225;0.0;4.5472294
0.512;4.675631;0.0;4.81914055
0.513;4.77945965;0.0;5.11095915
0.514;4.90961075;0.0;5.42256835
0.515;5.043999;0.0;5.7446961
0.516;5.18777395;0.0;6.0805403
0.517;5.3617618;0.0;6.44088985
0.518;5.54974445;0.0;6.81486275
0.519;5.744946;0.0;7.19565615
0.52;5.94469005;0.0;7.5784736
0.521;6.1573629;0.0;7.96616445
0.522;6.3872473;0.0;8.3587501
0.523;6.63122305;0.0;8.75257825
0.524;6.86935855;0.0;9.13726665
0.525;7.1103578;0.0;9.5111535
0.526;7.35318955;0.0;9.87119035
0.527;7.5862788;0.0;10.21391295
0.528;7.8090408;0.0;10.5327224
0.529;8.0214071;0.0;10.8293152
0.53;8.2239778;0.0;11.10946635
0.531;8.4076506;0.0;11.3640319
0.532;8.5765264;0.0;11.59600415
0.533;8.73564965;0.0;11.809719
0.534;8.88060075;0.0;12.00351125
0.535;9.0084576;0.0;12.1762305
0.536;9.1187273;0.0;12.32789455
0.537;9.21491865;0.0;12.45979745
0.538;9.301478;0.0;12.57988895
0.539;9.37678295;0.0;12.68798085
0.54;9.4325035;0.0;12.77566045
0.541;9.4845133;0.0;12.85445135
0.542;9.535094;0.0;12.9287249
0.543;9.5819008;0.0;13.0006341
0.544;9.63038005;0.0;13.0747868
0.545;9.67617335;0.0;13.1455638
0.546;9.7163081;0.0;13.20904195
0.547;9.760002;0.0;13.2751451
0.548;9.80296585;0.0;13.3401085
0.549;9.84143445;0.0;13.40030215
0.55;9.8726571;0.0;13.45246365
0.551;9.9020209;0.0;13.5020996
0.552;9.9251082;0.0;13.54435835
0.553;9.9298006;0.0;13.56625585
0.554;9.9243371;0.0;13.57580085
0.555;9.90793725;0.0;13.57238735
0.556;9.8766642;0.0;13.5521506
0.557;9.8230677;0.0;13.5055208
0.558;9.7530047;0.0;13.4388624
0.559;9.67256475;0.0;13.35893445
0.56;9.5820683;0.0;13.26566145
0.561;9.4795923;0.0;13.15912105
0.562;9.36591015;0.0;13.0396912
0.563;9.2467699;0.0;12.90833815
0.564;9.11775825;0.0;12.7665019
0.565;8.9788217;0.0;12.61275155
0.566;8.83219895;0.0;12.4437151
0.567;8.6770474;0.0;12.26304265
0.568;8.5132902;0.0;12.06981115
0.569;8.3420435;0.0;11.8631898
0.57;8.16974545;0.0;11.64954155
0.571;7.99746935;0.0;11.4328528
0.572;7.82622405;0.0;11.21561755
0.573;7.65776065;0.0;10.99558815
0.574;7.49617015;0.0;10.78214165
0.575;7.34431935;0.0;10.57998055
0.576;7.20344465;0.0;10.3876774
0.577;7.07214775;0.0;10.2059367
0.578;6.9499365;0.0;10.0346199
0.579;6.8365379;0.0;9.8729091
0.58;6.7330615;0.0;9.7202811
0.581;6.63575995;0.0;9.57595145
0.582;6.54135415;0.0;9.43915365
0.583;6.4570713;0.0;9.31163825
0.584;6.3766677;0.0;9.18970075
0.585;6.2978272;0.0;9.07192895
0.586;6.23037225;0.0;8.9635387
0.587;6.16747855;0.0;8.862241
0.588;6.1074569;0.0;8.76785845
0.589;6.05379895;0.0;8.6828724
0.59;6.0015665;0.0;8.6020308
0.591;5.95445015;0.0;8.5276917
0.592;5.918819;0.0;8.4648595
0.593;5.8844731;0.0;8.40828295
0.594;5.85323945;0.0;8.35819545
0.595;5.82737335;0.0;8.3145764
0.596;5.80014885;0.0;8.27159735
0.597;5.77635865;0.0;8.232632
0.598;5.7568644;0.0;8.19802225
0.599;5.73316905;0.0;8.1610546
0.6;5.71070105;0.0;8.12410665
0.601;5.6889144;0.0;8.08567175
0.602;5.6625443;0.0;8.04118425
0.603;5.63082125;0.0;7.9895044
0.604;5.59645475;0.0;7.9320958
0.605;5.56287925;0.0;7.870834
0.606;5.52250425;0.0;7.7980197
0.607;5.4777657;0.0;7.716659
0.608;5.43103135;0.0;7.62991955
0.609;5.3768397;0.0;7.53322005
0.61;5.32488945;0.0;7.43597065
0.611;5.2776686;0.0;7.3408175
0.612;5.22403325;0.0;7.2373842
0.613;5.17285995;0.0;7.1345173
0.614;5.12528115;0.0;7.03474025
0.615;5.078109;0.0;6.93738695
0.616;5.02998915;0.0;6.83914865
0.617;4.98624035;0.0;6.7461027
0.618;4.95240255;0.0;6.66529615
0.619;4.9191229;0.0;6.58820155
0.62;4.88666555;0.0;6.51502385
0.621;4.8564131;0.0;6.4472352
0.622;4.8288102;0.0;6.38628295
0.623;4.80860325;0.0;6.33650375
0.624;4.7951814;0.0;6.29774005
0.625;4.78062185;0.0;6.26358285
0.626;4.76742315;0.0;6.23707255
0.627;4.7568412;0.0;6.2174643
0.628;4.74968665;0.0;6.20219195
0.629;4.74052755;0.0;6.1877498
0.63;4.7334758;0.0;6.17661265
0.631;4.73234245;0.0;6.1702381
0.632;4.7298866;0.0;6.1596588
0.633;4.7228857;0.0;6.1401563
0.634;4.70977945;0.0;6.10784625
0.635;4.6913709;0.0;6.0588129
0.636;4.66696195;0.0;5.99478265
0.637;4.6379302;0.0;5.9158172
0.638;4.60778855;0.0;5.82031265
0.639;4.57221095;0.0;5.71090065
0.64;4.53233275;0.0;5.58959425
0.641;4.491522;0.0;5.4587886
0.642;4.45318585;0.0;5.3258729
0.643;4.4169143;0.0;5.1914459
0.644;4.3814686;0.0;5.0545432
0.645;4.3455139;0.0;4.91343265
0.646;4.31217185;0.0;4.77516485
0.647;4.28269885;0.0;4.6442663
0.648;4.25509235;0.0;4.5206659
0.649;4.22908865;0.0;4.40737435
0.65;4.2063538;0.0;4.3072223
0.651;4.1901801;0.0;4.2231511
0.652;4.1803908;0.0;4.1538297
0.653;4.173403;0.0;4.09195035
0.654;4.1649194;0.0;4.02888315
0.655;4.15533275;0.0;3.9636987
0.656;4.14362235;0.0;3.89153515
0.657;4.13029665;0.0;3.80953015
0.658;4.1200562;0.0;3.72066385
0.659;4.1132244;0.0;3.6236334
0.66;4.10675775;0.0;3.51700745
0.661;4.09190045;0.0;3.3981175
0.662;4.08326855;0.0;3.27880715
0.663;4.08019585;0.0;3.160452
0.664;4.0754825;0.0;3.04012885
0.665;4.0798115;0.0;2.92994045
0.666;4.08800285;0.0;2.82682505
0.667;4.0948814;0.0;2.72753465
0.668;4.111811;0.0;2.64422515
0.669;4.13359635;0.0;2.57083285
0.67;4.1586918;0.0;2.50557845
0.671;4.1953878;0.0;2.46084125
0.672;4.2339205;0.0;2.423269
0.673;4.27340785;0.0;2.39097285
0.674;4.31933895;0.0;2.37164955
0.675;4.36992775;0.0;2.3589188
0.676;4.4260555;0.0;2.3536696
0.677;4.48891965;0.0;2.35857595
0.678;4.55568855;0.0;2.3701698
0.679;4.62673915;0.0;2.391502
0.68;4.70208965;0.0;2.42673165
0.681;4.7788652;0.0;2.47952905
0.682;4.85930315;0.0;2.55496385
0.683;4.9418872;0.0;2.65707695
0.684;5.0194379;0.0;2.7876864
0.685;5.0919183;0.0;2.9553547
0.686;5.16128235;0.0;3.16967705
0.687;5.2310874;0.0;3.44080635
0.688;5.299888;0.0;3.77028185
0.689;5.37623455;0.0;4.16827455
0.69;5.47216215;0.0;4.64628805
0.691;5.6008497;0.0;5.21272185
0.692;5.7741442;0.0;5.86722575
0.693;6.00349225;0.0;6.6074208
0.694;6.29985745;0.0;7.43004745
0.695;6.67717035;0.0;8.32826565
0.696;7.13837605;0.0;9.2888833
0.697;7.6763809;0.0;10.29196645
0.698;8.29589505;0.0;11.33637345
0.699;8.99211675;0.0;12.41024415
0.7;9.7556969;0.0;13.4985067
0.701;10.5774856;0.0;14.59636395
0.702;11.44904015;0.0;15.69469395
0.703;12.36104785;0.0;16.78482505
0.704;13.3005248;0.0;17.8593207
0.705;14.2649987;0.0;18.9176872
0.706;15.2492685;0.0;19.95825805
0.707;16.2438635;0.0;20.9772362
0.708;17.2508727;0.0;21.9792382
0.709;18.2699145;0.0;22.96615565
0.71;19.2993062;0.0;23.93834215
0.711;20.33443675;0.0;24.89555855
0.712;21.3756982;0.0;25.8382879
0.713;22.4232561;0.0;26.76679265
0.714;23.47485745;0.0;27.68246735
0.715;24.52612565;0.0;28.5846957
0.716;25.5747959;0.0;29.47285905
0.717;26.6260966;0.0;30.34949875
0.718;27.66470265;0.0;31.20395155
0.719;28.6873227;0.0;32.03578685
0.72;29.69972165;0.0;32.85246855
0.721;30.69426395;0.0;33.64633415
0.722;31.665373;0.0;34.41521415
0.723;32.6102559;0.0;35.15917645
0.724;33.52997325;0.0;35.87477815
0.725;34.41815105;0.0;36.5611239
0.726;35.27185555;0.0;37.2188913
0.727;36.0961645;0.0;37.8509666
0.728;36.8836779;0.0;38.4506395
0.729;37.63327685;0.0;39.0179159
0.73;38.3487894;0.0;39.55848865
0.731;39.0259545;0.0;40.0687123
0.732;39.66386835;0.0;40.5479925
0.733;40.2625435;0.0;40.9965721
0.734;40.82377605;0.0;41.41648405
0.735;41.35048925;0.0;41.81112305
0.736;41.84361265;0.0;42.18165855
0.737;42.2992455;0.0;42.52338655
0.738;42.71753345;0.0;42.83716415
0.739;43.1007309;0.0;43.12550755
0.74;43.4537944;0.0;43.3931718
0.741;43.7729186;0.0;43.63659155
0.742;44.0602986;0.0;43.85730135
0.743;44.3202839;0.0;44.0587594
0.744;44.55140045;0.0;44.2410607
0.745;44.7525364;0.0;44.4029866
0.746;44.9238882;0.0;44.54399675
0.747;45.069988;0.0;44.66693315
0.748;45.1955435;0.0;44.77549465
0.749;45.3022119;0.0;44.87098325
0.75;45.38711195;0.0;44.951174
0.751;45.4573023;0.0;45.0213188
0.752;45.51431875;0.0;45.08185585
0.753;45.5573188;0.0;45.13125015
0.754;45.5917356;0.0;45.17633905
0.755;45.61815165;0.0;45.21525175
0.756;45.63640175;0.0;45.24591385
0.757;45.64768445;0.0;45.27351475
0.758;45.65490195;0.0;45.29799925
0.759;45.65900055;0.0;45.31934845
0.76;45.6574088;0.0;45.33804575
0.761;45.65307875;0.0;45.35516435
0.762;45.6445301;0.0;45.36828515
0.763;45.6279028;0.0;45.3731487
0.764;45.60643555;0.0;45.3761572
0.765;45.58363545;0.0;45.37850025
0.766;45.56132215;0.0;45.3797578
0.767;45.5330145;0.0;45.3781341
0.768;45.5018816;0.0;45.3735912
0.769;45.47025355;0.0;45.367278
0.77;45.4377108;0.0;45.3622599
0.771;45.4087445;0.0;45.35927745
0.772;45.3825543;0.0;45.35744965
0.773;45.3551036;0.0;45.35469305
0.774;45.33047675;0.0;45.35351055
0.775;45.30683305;0.0;45.35295185
0.776;45.28280385;0.0;45.3524011
0.777;45.26650175;0.0;45.35722935
0.778;45.2504287;0.0;45.3619097
0.779;45.2325143;0.0;45.36470855
0.78;45.22339145;0.0;45.3727099
0.781;45.21028125;0.0;45.3772413
0.782;45.19682185;0.0;45.38150695
0.783;45.19584665;0.0;45.3954043
0.784;45.1887618;0.0;45.40525285
0.785;45.1800674;0.0;45.4137154
0.786;45.1770572;0.0;45.42544565
0.787;45.17343785;0.0;45.43569255
0.788;45.17056095;0.0;45.4455588
0.789;45.16905495;0.0;45.45646985
0.79;45.16735495;0.0;45.4704803
0.791;45.16815325;0.0;45.4834001
0.792;45.171027;0.0;45.49606645
0.793;45.1738128;0.0;45.51199425
0.794;45.17726175;0.0;45.52779895
0.795;45.18064485;0.0;45.5428251
0.796;45.18316665;0.0;45.5570466
0.797;45.1844737;0.0;45.5704328
0.798;45.18735425;0.0;45.58281455
0.799;45.19267125;0.0;45.5961669
0.8;45.1982169;0.0;45.6170537
0.801;45.2042322;0.0;45.63288205
0.802;45.2095217;0.0;45.64490565
0.803;45.21257565;0.0;45.66072865
0.804;45.21719645;0.0;45.674097
0.805;45.2215676;0.0;45.68732335
0.806;45.2247136;0.0;45.70294045
0.807;45.2330431;0.0;45.7192446
0.808;45.2391502;0.0;45.7338794
0.809;45.242079;0.0;45.74685935
0.81;45.24976635;0.0;45.76135915
0.811;45.254297;0.0;45.774857
0.812;45.2581577;0.0;45.7883281
0.813;45.2664501;0.0;45.8032652
0.814;45.2664908;0.0;45.81192005
0.815;45.2696392;0.0;45.8238235
0.816;45.28146275;0.0;45.8434489
0.817;45.28108885;0.0;45.8543016
0.818;45.2813079;0.0;45.8617623
0.819;45.2857908;0.0;45.87114665
0.82;45.28983805;0.0;45.88840195
0.821;45.29953135;0.0;45.9051903
0.822;45.30657345;0.0;45.91754655
0.823;45.302118;0.0;45.92443395
0.824;45.30496755;0.0;45.9336668
0.825;45.30787315;0.0;45.9468451
0.826;45.3065223;0.0;45.96182115
0.827;45.3080769;0.0;45.96945245
0.828;45.3074183;0.0;45.975478
0.829;45.3048748;0.0;45.98228865
0.83;45.3042159;0.0;45.9905884
0.831;45.30726825;0.0;46.00062325
0.832;45.31048695;0.0;46.0115768
0.833;45.30944785;0.0;46.02140455
0.834;45.30097315;0.0;46.023204
0.835;45.2963702;0.0;46.0288493
0.836;45.29919425;0.0;46.0416466
0.837;45.30157215;0.0;46.05187415
0.838;45.30161185;0.0;46.0601928
0.839;45.3004702;0.0;46.06762315
0.84;45.30055235;0.0;46.07568125
0.841;45.2972054;0.0;46.08342965
0.842;45.29484945;0.0;46.09086755
0.843;45.2960395;0.0;46.0983418
0.844;45.29536685;0.0;46.107213
0.845;45.29142815;0.0;46.1138487
0.846;45.2853291;0.0;46.1190638
0.847;45.28064845;0.0;46.12754615
0.848;45.2807607;0.0;46.13691755
0.849;45.281325;0.0;46.1459878
0.85;45.2777968;0.0;46.15383565
0.851;45.2774987;0.0;46.1598208
0.852;45.27583495;0.0;46.16554815
0.853;45.27079545;0.0;46.17155635
0.854;45.26505895;0.0;46.176211
0.855;45.26436155;0.0;46.1825129
0.856;45.26732785;0.0;46.1912365
0.857;45.26829165;0.0;46.20145115
0.858;45.25852795;0.0;46.20607045
0.859;45.2533113;0.0;46.21138765
0.86;45.25901975;0.0;46.2207571
0.861;45.2450719;0.0;46.2226983
0.862;45.23999065;0.0;46.22814755
0.863;45.245094;0.0;46.23735515
0.864;45.23923315;0.0;46.2417709
0.865;45.23610885;0.0;46.2494261
0.866;45.23479685;0.0;46.2582042
0.867;45.2319149;0.0;46.2643584
0.868;45.22969405;0.0;46.26937695
0.869;45.22517945;0.0;46.27146805
0.87;45.2195111;0.0;46.27341805
0.871;45.2203802;0.0;46.28538135
0.872;45.22203105;0.0;46.29887365
0.873;45.2211334;0.0;46.3073413
0.874;45.2164109;0.0;46.3074143
0.875;45.2179369;0.0;46.31819875
0.876;45.21368045;0.0;46.32611055
0.877;45.200449;0.0;46.3241718
0.878;45.2014965;0.0;46.32856925
0.879;45.20086905;0.0;46.3351678
0.88;45.1969153;0.0;46.3422643
0.881;45.1958607;0.0;46.3490016
0.882;45.19497545;0.0;46.35676135
0.883;45.19291615;0.0;46.3620684
0.884;45.18914145;0.0;46.3636346
0.885;45.18467465;0.0;46.370211
0.886;45.18264505;0.0;46.37707425
0.887;45.1798957;0.0;46.3811046
0.888;45.1674593;0.0;46.38087135
0.889;45.1733953;0.0;46.39133365
0.89;45.18176785;0.0;46.40411075
0.891;45.17195745;0.0;46.40739665
0.892;45.1610362;0.0;46.40512405
0.893;45.1570758;0.0;46.40963515
0.894;45.16004075;0.0;46.42102885
0.895;45.1594386;0.0;46.42182775
0.896;45.15580435;0.0;46.4263212
0.897;45.1489412;0.0;46.4326621
0.898;45.1401939;0.0;46.43447775
0.899;45.13840345;0.0;46.43399965
0.9;45.13731575;0.0;46.4346974
0.901;45.1336323;0.0;46.43875195
0.902;45.1318885;0.0;46.4459869
0.903;45.130119;0.0;46.45641415
0.904;45.1268294;0.0;46.46412865
0.905;45.12148475;0.0;46.46313985
0.906;45.1222309;0.0;46.47449295
0.907;45.12038005;0.0;46.4841405
0.908;45.110627;0.0;46.4825886
0.909;45.0981152;0.0;46.4787576
0.91;45.0998009;0.0;46.4872831
0.911;45.1031363;0.0;46.4985931
0.912;45.08247285;0.0;46.49143675
0.913;45.08755495;0.0;46.49887505
0.914;45.0926155;0.0;46.50465465
0.915;45.078191;0.0;46.4979375
0.916;45.0739775;0.0;46.50365285
0.917;45.0725387;0.0;46.51026605
0.918;45.0707151;0.0;46.51501825
0.919;45.0674534;0.0;46.52035225
0.92;45.0633939;0.0;46.52365445
0.921;45.05830155;0.0;46.52647805
0.922;45.05033345;0.0;46.5276913
0.923;45.03001945;0.0;46.51212695
0.924;45.0294509;0.0;46.51910295
0.925;45.0412739;0.0;46.538599
0.926;45.02852615;0.0;46.5245893
0.927;45.0130497;0.0;46.52069675
0.928;44.99832245;0.0;46.52019115
0.929;44.9860245;0.0;46.5142928
0.93;44.98465145;0.0;46.5223673
0.931;44.97373135;0.0;46.52013375
0.932;44.9537812;0.0;46.50542635
0.933;44.9423608;0.0;46.49465305
0.934;44.9319666;0.0;46.49391925
0.935;44.91940345;0.0;46.49579345
0.936;44.90560335;0.0;46.4928902
0.937;44.90527775;0.0;46.4910517
0.938;44.88926295;0.0;46.47537645
0.939;44.86254935;0.0;46.45540245
0.94;44.8557873;0.0;46.4585275
0.941;44.8248515;0.0;46.44831515
0.942;44.80095315;0.0;46.43628265
0.943;44.8034821;0.0;46.43231645
0.944;44.76432735;0.0;46.4077064
0.945;44.7401042;0.0;46.39785805
0.946;44.7306826;0.0;46.3973019
0.947;44.6960175;0.0;46.3724868
0.948;44.67073555;0.0;46.36445615
0.949;44.64437575;0.0;46.34679775
0.95;44.6140117;0.0;46.3075051
0.951;44.62670085;0.0;46.31491705
0.952;44.61144845;0.0;46.29656975
0.953;44.5652501;0.0;46.25687205
0.954;44.52760855;0.0;46.24536175
0.955;44.47076765;0.0;46.21091
0.956;44.41668775;0.0;46.17190265
0.957;44.38404565;0.0;46.14815475
0.958;44.36734135;0.0;46.13808585
0.959;44.35804795;0.0;46.1280583
0.96;44.3449352;0.0;46.11331335
0.961;44.3183568;0.0;46.09534405
0.962;44.29710005;0.0;46.0829537
0.963;44.2686095;0.0;46.0727094
0.964;44.23253855;0.0;46.06087425
0.965;44.2222146;0.0;46.0458595
0.966;44.1967877;0.0;46.0342178
0.967;44.1765064;0.0;46.0274372
0.968;44.1941805;0.0;46.0239794
0.969;44.1886884;0.0;46.02134625
0.97;44.1643334;0.0;46.0042795
0.971;44.13088345;0.0;45.97920315
0.972;44.09675555;0.0;45.9858241
0.973;44.0921231;0.0;45.9866276
0.974;44.10857685;0.0;45.9944998
0.975;44.12024865;0.0;46.021174
0.976;44.09232275;0.0;45.9959205
0.977;44.0524941;0.0;45.97068295
0.978;44.03594105;0.0;45.97574005
0.979;44.07845195;0.0;46.01076845
0.98;44.0766541;0.0;46.00300205
0.981;44.0437926;0.0;45.97471255
0.982;44.02075165;0.0;45.9642534
0.983;44.04588355;0.0;45.9830287
0.984;44.0279317;0.0;45.99425905
0.985;43.98765775;0.0;45.9945664
0.986;44.01390985;0.0;46.0023554
0.987;44.02947055;0.0;46.0023452
0.988;43.99373175;0.0;45.97570365
0.989;43.928902;0.0;45.93750435
0.99;43.9825401;0.0;45.9789964
0.991;44.0315863;0.0;46.01189155
0.992;44.0425156;0.0;46.0214744
0.993;44.0226176;0.0;46.01898295
0.994;43.995801;0.0;45.9707114
0.995;44.0112592;0.0;45.9994031
0.996;44.0564648;0.0;46.1025191
0.997;44.0416303;0.0;46.10939065
0.998;44.040537;0.0;46.09868515
0.999;44.04612855;0.0;46.09400775
1;44.039012;0.0;46.10031935
1.001;44.0402123;0.0;46.0969431
1.002;44.0496694;0.0;46.084113
1.003;44.0493015;0.0;46.0896272
1.004;44.04409815;0.0;46.09844205
1.005;44.0718583;0.0;46.14022245
1.006;44.06650015;0.0;46.19513465
1.007;44.04197875;0.0;46.21030935
1.008;44.0538376;0.0;46.2384469
1.009;44.04017025;0.0;46.25440375
1.01;44.0213775;0.0;46.25063135
1.011;44.056232;0.0;46.2711966
1.012;44.09911225;0.0;46.28407735
1.013;44.1146147;0.0;46.29017125
1.014;44.1332529;0.0;46.30155735
1.015;44.17355805;0.0;46.3162505
1.016;44.187274;0.0;46.3278647
1.017;44.1735523;0.0;46.340003
1.018;44.16406385;0.0;46.34635285
1.019;44.18580545;0.0;46.3671111
1.02;44.19433785;0.0;46.3932422
1.021;44.1961166;0.0;46.3958658
1.022;44.22379685;0.0;46.4157015
1.023;44.24051835;0.0;46.4512029
1.024;44.2393341;0.0;46.45491715
1.025;44.24943265;0.0;46.45366635
1.026;44.25268395;0.0;46.47424935
1.027;44.26923655;0.0;46.49013035
1.028;44.29817875;0.0;46.4769384
1.029;44.3129068;0.0;46.50082685
1.03;44.3447991;0.0;46.5761379
1.031;44.35452435;0.0;46.60133175
1.032;44.3469153;0.0;46.61226545
1.033;44.316392;0.0;46.629395
1.034;44.30699;0.0;46.612509
1.035;44.28395625;0.0;46.58078865
1.036;44.3011387;0.0;46.5977461
1.037;44.333539;0.0;46.60636455
1.038;44.31601105;0.0;46.6115772
1.039;44.3325673;0.0;46.64177375
1.04;44.35674;0.0;46.667816
1.041;44.3507497;0.0;46.69940195
1.042;44.36257425;0.0;46.70809755
1.043;44.4174983;0.0;46.7055469
1.044;44.4223482;0.0;46.7148523
1.045;44.3852251;0.0;46.69689495
1.046;44.3862955;0.0;46.70258495
1.047;44.3896259;0.0;46.7371965
1.048;44.3931547;0.0;46.7659505
1.049;44.42940225;0.0;46.77310125
1.05;44.4507187;0.0;46.7979323
1.051;44.4478016;0.0;46.81574165
1.052;44.4685374;0.0;46.8327593
1.053;44.469762;0.0;46.8372154
1.054;44.46851175;0.0;46.8272339
1.055;44.4840536;0.0;46.8371863
1.056;44.4533052;0.0;46.84162435
1.057;44.4384263;0.0;46.84735595
1.058;44.41405925;0.0;46.87779615
1.059;44.4094495;0.0;46.88120285
1.06;44.41815825;0.0;46.84850725
1.061;44.42799425;0.0;46.8533082
1.062;44.45848225;0.0;46.87330435
1.063;44.46210635;0.0;46.87984335
1.064;44.4528486;0.0;46.90650235
1.065;44.43425895;0.0;46.9244165
1.066;44.4017656;0.0;46.9092229
1.067;44.3926055;0.0;46.90653125
1.068;44.43925105;0.0;46.93909325
1.069;44.46542605;0.0;46.9422995
1.07;44.48068625;0.0;46.95303135
1.071;44.52615965;0.0;46.9973531
1.072;44.5277223;0.0;46.9988906
1.073;44.47208285;0.0;46.95325535
1.074;44.46288255;0.0;46.9527045
1.075;44.45836965;0.0;46.9508475
1.076;44.44532085;0.0;46.94573745
1.077;44.45242245;0.0;46.9742479
1.078;44.4467398;0.0;46.98298385
1.079;44.4172653;0.0;46.9673756
1.08;44.40790755;0.0;46.97017995
1.081;44.42449215;0.0;46.9863101
1.082;44.4514757;0.0;46.98255745
1.083;44.47320135;0.0;46.98778465
1.084;44.484661;0.0;46.9965811
1.085;44.4686662;0.0;46.99451995
1.086;44.39070705;0.0;46.97176785
1.087;44.38121825;0.0;46.98090785
1.088;44.3984126;0.0;47.01318295
1.089;44.39898805;0.0;47.0104838
1.09;44.4445159;0.0;47.01180715
1.091;44.44306155;0.0;47.00623375
1.092;44.3774758;0.0;46.9488332
1.093;44.3591713;0.0;46.94040755
1.094;44.35970865;0.0;46.97168605
1.095;44.3411343;0.0;46.9848419
1.096;44.3533209;0.0;46.98096415
1.097;44.38066505;0.0;46.99963705
1.098;44.35147535;0.0;46.9996623
1.099;44.35072035;0.0;46.98627705
1.1;44.3756148;0.0;47.0013846
1.101;44.35938055;0.0;47.01843265
1.102;44.350738;0.0;47.01989135
1.103;44.35800565;0.0;47.01840565
1.104;44.3490399;0.0;47.00833535
1.105;44.3087788;0.0;46.9665843
1.106;44.2947334;0.0;46.95986105
1.107;44.29798885;0.0;46.97402535
1.108;44.28751455;0.0;46.9713003
1.109;44.280556;0.0;46.98513075
1.11;44.2726013;0.0;46.98648665
1.111;44.26985635;0.0;46.97150335
1.112;44.23512175;0.0;46.94388685
1.113;44.2250789;0.0;46.9540507
1.114;44.2168466;0.0;46.95040015
1.115;44.19390825;0.0;46.9359329
1.116;44.20762605;0.0;46.9483475
1.117;44.1978118;0.0;46.94313165
1.118;44.1820008;0.0;46.9250966
1.119;44.15641925;0.0;46.9109042
1.12;44.1159972;0.0;46.8947206
1.121;44.09097915;0.0;46.88062675
1.122;44.0683305;0.0;46.86643085
1.123;44.04862425;0.0;46.8509117
1.124;44.04225185;0.0;46.84303235
1.125;44.02493935;0.0;46.8289295
1.126;43.99906275;0.0;46.80189535
1.127;43.974526;0.0;46.78054255
1.128;43.9494422;0.0;46.76912495
1.129;43.92231255;0.0;46.7459257
1.13;43.89131235;0.0;46.69858075
1.131;43.87163975;0.0;46.6775982
1.132;43.83493275;0.0;46.65134155
1.133;43.79289825;0.0;46.61542555
1.134;43.7452007;0.0;46.58691285
1.135;43.68086515;0.0;46.58300635
1.136;43.6284302;0.0;46.5427678
1.137;43.58869595;0.0;46.48077125
1.138;43.5291497;0.0;46.4307036
1.139;43.4551653;0.0;46.3679459
1.14;43.3975729;0.0;46.31223035
1.141;43.34023145;0.0;46.2734154
1.142;43.27117205;0.0;46.21536025
1.143;43.21032125;0.0;46.13849895
1.144;43.1445308;0.0;46.07158755
1.145;43.0575606;0.0;45.997422
1.146;42.97947875;0.0;45.9295734
1.147;42.92581635;0.0;45.8823602
1.148;42.87183945;0.0;45.84103395
1.149;42.8068058;0.0;45.7855008
1.15;42.73939395;0.0;45.73032735
1.151;42.6778941;0.0;45.67472645
1.152;42.6111027;0.0;45.6072987
1.153;42.5462512;0.0;45.54930485
1.154;42.4854734;0.0;45.496266
1.155;42.4291016;0.0;45.4450411
1.156;42.3615397;0.0;45.38603755
1.157;42.3170314;0.0;45.3482938
1.158;42.30155915;0.0;45.33578915
1.159;42.26666815;0.0;45.30463385
1.16;42.2284064;0.0;45.26216215
1.161;42.19495175;0.0;45.24068785
1.162;42.14787605;0.0;45.2281668
1.163;42.11608685;0.0;45.2074951
1.164;42.10385305;0.0;45.19363215
1.165;42.0885956;0.0;45.19205345
1.166;42.0642308;0.0;45.18272035
1.167;42.03529295;0.0;45.1561797
1.168;42.0187473;0.0;45.14602615
1.169;41.9988739;0.0;45.15246625
1.17;41.98253065;0.0;45.1455184
1.171;41.9787512;0.0;45.13040325
1.172;41.9696964;0.0;45.1255465
1.173;41.95328805;0.0;45.1234253
1.174;41.9437401;0.0;45.1207191
1.175;41.9456221;0.0;45.12656415
1.176;41.93862865;0.0;45.1237667
1.177;41.9320058;0.0;45.1201841
1.178;41.91743905;0.0;45.10933835
1.179;41.8892313;0.0;45.0801903
1.18;41.86901725;0.0;45.0673523
1.181;41.83655165;0.0;45.0512493
1.182;41.8285909;0.0;45.05413755
1.183;41.82218835;0.0;45.0482374
1.184;41.80980425;0.0;45.0442543
1.185;41.7876732;0.0;45.038581
1.186;41.74549845;0.0;45.01558625
1.187;41.7389582;0.0;45.0183444
1.188;41.74547595;0.0;45.04906595
1.189;41.74136565;0.0;45.04907695
1.19;41.7595882;0.0;45.04045375
1.191;41.75905915;0.0;45.03739085
1.192;41.7351426;0.0;45.01857885
1.193;41.7225441;0.0;45.01093665
1.194;41.71552365;0.0;45.0171762
1.195;41.70785215;0.0;45.01958005
1.196;41.6913739;0.0;45.0176084
1.197;41.6865263;0.0;45.0180028
1.198;41.6957565;0.0;45.01996275
1.199;41.6976537;0.0;45.02683195
1.2;41.69710505;0.0;45.042259
1.201;41.7063416;0.0;45.0521037
1.202;41.70486535;0.0;45.0486151
1.203;41.69158205;0.0;45.0336003
1.204;41.69674835;0.0;45.04467685
1.205;41.7131482;0.0;45.05656655
1.206;41.7129454;0.0;45.0637967
1.207;41.71212435;0.0;45.0901179
1.208;41.7155549;0.0;45.1067498
1.209;41.70807345;0.0;45.1046169
1.21;41.708047;0.0;45.1135577
1.211;41.7178999;0.0;45.1381095
1.212;41.7274429;0.0;45.15314965
1.213;41.7343422;0.0;45.1599634
1.214;41.7433699;0.0;45.1685501
1.215;41.75627065;0.0;45.1739129
1.216;41.7738487;0.0;45.18740915
1.217;41.8016053;0.0;45.20727995
1.218;41.814514;0.0;45.22033635
1.219;41.82877345;0.0;45.2381923
1.22;41.83675605;0.0;45.25326055
1.221;41.83650525;0.0;45.26448955
1.222;41.80861215;0.0;45.2611183
1.223;41.82258265;0.0;45.27885865
1.224;41.8546671;0.0;45.3095398
1.225;41.8748853;0.0;45.32682365
1.226;41.9139845;0.0;45.3468287
1.227;41.9341836;0.0;45.364538
1.228;41.93077815;0.0;45.3678045
1.229;41.94916445;0.0;45.38819625
1.23;41.99280475;0.0;45.4290373
1.231;41.9996111;0.0;45.44837285
1.232;41.9740227;0.0;45.45424825
1.233;41.9873309;0.0;45.47606475
1.234;42.0134864;0.0;45.50596325
1.235;42.0166988;0.0;45.5184267
1.236;42.02693945;0.0;45.52820815
1.237;42.04756065;0.0;45.5446177
1.238;42.04753305;0.0;45.5394493
1.239;42.05151175;0.0;45.54934145
1.24;42.06420825;0.0;45.5696323
1.241;42.11338485;0.0;45.61839715
1.242;42.1228832;0.0;45.6309992
1.243;42.1034276;0.0;45.6283818
1.244;42.1073177;0.0;45.64216075
1.245;42.1186597;0.0;45.65275595
1.246;42.12070455;0.0;45.6592687
1.247;42.11665795;0.0;45.67123905
1.248;42.1261565;0.0;45.6851104
1.249;42.1388609;0.0;45.68717175
1.25;42.1488318;0.0;45.7004018
1.251;42.18172255;0.0;45.74042805
1.252;42.1830457;0.0;45.7514554
1.253;42.1422592;0.0;45.73593325
1.254;42.143465;0.0;45.74325005
1.255;42.16460945;0.0;45.75487155
1.256;42.16571755;0.0;45.7600387
1.257;42.17456325;0.0;45.7750443
1.258;42.18846965;0.0;45.78731095
1.259;42.19240455;0.0;45.7869815
1.26;42.1895147;0.0;45.79109845
1.261;42.1903682;0.0;45.8034524
1.262;42.19968965;0.0;45.81513015
1.263;42.2096469;0.0;45.8224406
1.264;42.20590475;0.0;45.8198297
1.265;42.21064405;0.0;45.83588535
1.266;42.23810735;0.0;45.8692847
1.267;42.24030825;0.0;45.871929
1.268;42.21627575;0.0;45.86458285
1.269;42.2162684;0.0;45.86916975
1.27;42.22835345;0.0;45.8587847
1.271;42.22734005;0.0;45.85681825
1.272;42.22964975;0.0;45.8813803
1.273;42.2257313;0.0;45.8797429
1.274;42.2083703;0.0;45.84278015
1.275;42.1971679;0.0;45.8398389
1.276;42.1853586;0.0;45.8583444
1.277;42.1794371;0.0;45.85898025
1.278;42.17934875;0.0;45.8654528
1.279;42.1732672;0.0;45.870082
1.28;42.16978905;0.0;45.8592768
1.281;42.16456725;0.0;45.85193565
1.282;42.15317315;0.0;45.8525244
1.283;42.14223015;0.0;45.85228005
1.284;42.1343737;0.0;45.84209985
1.285;42.12453185;0.0;45.8437909
1.286;42.10980975;0.0;45.8367563
1.287;42.0869239;0.0;45.8311278
1.288;42.07453285;0.0;45.8259856
1.289;42.06871885;0.0;45.8187003
1.29;42.0493323;0.0;45.80633125
1.291;42.0259284;0.0;45.79294955
1.292;42.0088945;0.0;45.7844666
1.293;41.98869875;0.0;45.7768644
1.294;41.96148395;0.0;45.7572306
1.295;41.93312045;0.0;45.7384278
1.296;41.91288265;0.0;45.7164271
1.297;41.8906037;0.0;45.67634795
1.298;41.86238955;0.0;45.64697535
1.299;41.84168235;0.0;45.6234259
1.3;41.8187908;0.0;45.60260365
1.301;41.78558265;0.0;45.59069555
1.302;41.7513893;0.0;45.5665856
1.303;41.7200226;0.0;45.5423586
1.304;41.6911359;0.0;45.5142743
1.305;41.6658664;0.0;45.46761275
1.306;41.6253872;0.0;45.4311961
1.307;41.563325;0.0;45.39098405
1.308;41.53273535;0.0;45.37700525
1.309;41.49873525;0.0;45.3422842
1.31;41.45956645;0.0;45.30742705
1.311;41.41150815;0.0;45.26426685
1.312;41.3791887;0.0;45.2094676
1.313;41.32866585;0.0;45.16600225
1.314;41.24724225;0.0;45.11951585
1.315;41.1904686;0.0;45.08351815
1.316;41.1470389;0.0;45.065583
1.317;41.0986435;0.0;45.02336795
1.318;41.05539685;0.0;44.97506185
1.319;41.00221275;0.0;44.92786705
1.32;40.9510893;0.0;44.87301865
1.321;40.888683;0.0;44.8108376
1.322;40.81106225;0.0;44.7447578
1.323;40.7403636;0.0;44.6821898
1.324;40.6651583;0.0;44.6034234
1.325;40.59536785;0.0;44.54065445
1.326;40.53626795;0.0;44.50677955
1.327;40.46297885;0.0;44.4446612
1.328;40.3813527;0.0;44.36637805
1.329;40.3073023;0.0;44.2983608
1.33;40.23426655;0.0;44.21900765
1.331;40.15287515;0.0;44.14424565
1.332;40.0740559;0.0;44.0867247
1.333;39.98787225;0.0;44.01771355
1.334;39.90803945;0.0;43.9468806
1.335;39.8201513;0.0;43.8664999
1.336;39.738184;0.0;43.7965095
1.337;39.6674432;0.0;43.7349358
1.338;39.58741265;0.0;43.65815635
1.339;39.50206435;0.0;43.5756343
1.34;39.41432595;0.0;43.4969916
1.341;39.3224319;0.0;43.40961225
1.342;39.23734435;0.0;43.32876845
1.343;39.1534877;0.0;43.2580907
1.344;39.06179135;0.0;43.176831
1.345;38.96510435;0.0;43.0843987
1.346;38.88284095;0.0;43.00476665
1.347;38.79699825;0.0;42.9269239
1.348;38.71882975;0.0;42.85206415
1.349;38.66096305;0.0;42.7894825
1.35;38.5917557;0.0;42.71536975
1.351;38.50975885;0.0;42.6243089
1.352;38.4386277;0.0;42.55277395
1.353;38.38975755;0.0;42.49894345
1.354;38.3124242;0.0;42.42682975
1.355;38.20713985;0.0;42.3556906
1.356;38.1274972;0.0;42.28438265
1.357;38.05619085;0.0;42.1987656
1.358;37.96633435;0.0;42.11255905
1.359;37.87520785;0.0;42.0258324
1.36;37.80025515;0.0;41.9488238
1.361;37.71739525;0.0;41.87559805
1.362;37.6124606;0.0;41.77755305
1.363;37.5184129;0.0;41.69513915
1.364;37.44736635;0.0;41.6290384
1.365;37.3509701;0.0;41.54308285
1.366;37.2399952;0.0;41.4526584
1.367;37.1199358;0.0;41.3490627
1.368;36.9935781;0.0;41.2351495
1.369;36.86862435;0.0;41.1188673
1.37;36.7397854;0.0;41.00322395
1.371;36.5924304;0.0;40.8626592
1.372;36.439473;0.0;40.7049521
1.373;36.284376;0.0;40.55372255
1.374;36.11798655;0.0;40.4027045
1.375;35.9344815;0.0;40.21518685
1.376;35.75793135;0.0;40.0156973
1.377;35.5462749;0.0;39.8025399
1.378;35.2973889;0.0;39.55442985
1.379;35.0395604;0.0;39.29571115
1.38;34.76471745;0.0;39.0355452
1.381;34.47416385;0.0;38.7528749
1.382;34.1727185;0.0;38.4456948
1.383;33.83871215;0.0;38.1129774
1.384;33.47074335;0.0;37.7595659
1.385;33.10275745;0.0;37.39652325
1.386;32.7204037;0.0;37.0113933
1.387;32.31904855;0.0;36.6087319
1.388;31.90247465;0.0;36.18712715
1.389;31.48781385;0.0;35.76906425
1.39;31.05188;0.0;35.33118875
1.391;30.57518865;0.0;34.85588995
1.392;30.1133699;0.0;34.4061691
1.393;29.6476585;0.0;33.94493535
1.394;29.18483295;0.0;33.46176315
1.395;28.72115595;0.0;32.9507962
1.396;28.24328645;0.0;32.465588
1.397;27.7531894;0.0;31.969252
1.398;27.27406015;0.0;31.4751509
1.399;26.77524505;0.0;30.98719485
1.4;26.30124645;0.0;30.5083195
1.401;25.84605165;0.0;30.0238237
1.402;25.39350225;0.0;29.5470803
1.403;24.9413064;0.0;29.07755645
1.404;24.51251935;0.0;28.6347579
1.405;24.10196835;0.0;28.1988972
1.406;23.7022654;0.0;27.7781227
1.407;23.31416695;0.0;27.384036
1.408;22.9438766;0.0;27.00352135
1.409;22.59012265;0.0;26.633172
1.41;22.249839;0.0;26.2740891
1.411;21.9333777;0.0;25.93481415
1.412;21.6260466;0.0;25.6188564
1.413;21.3273611;0.0;25.3220517
1.414;21.0473638;0.0;25.0278871
1.415;20.7837227;0.0;24.75426565
1.416;20.5355164;0.0;24.49575525
1.417;20.31216125;0.0;24.24177245
1.418;20.0935749;0.0;24.0019346
1.419;19.8936777;0.0;23.7901312
1.42;19.69623265;0.0;23.5856926
1.421;19.4951917;0.0;23.38801065
1.422;19.32272845;0.0;23.2002554
1.423;19.1616352;0.0;23.0341575
1.424;18.9964789;0.0;22.88413035
1.425;18.85274145;0.0;22.7457431
1.426;18.71543415;0.0;22.60876985
1.427;18.59501745;0.0;22.4790854
1.428;18.49035575;0.0;22.36970935
1.429;18.38165375;0.0;22.2535243
1.43;18.2829134;0.0;22.135398
1.431;18.18912925;0.0;22.04088375
1.432;18.09339715;0.0;21.96150795
1.433;18.01203655;0.0;21.8707282
1.434;17.9499257;0.0;21.7871537
1.435;17.87557325;0.0;21.71742645
1.436;17.7973882;0.0;21.6434203
1.437;17.7319857;0.0;21.5823188
1.438;17.6644595;0.0;21.5483947
1.439;17.61609165;0.0;21.50304485
1.44;17.5911143;0.0;21.44471515
1.441;17.55183035;0.0;21.40685765
1.442;17.5131093;0.0;21.3850646
1.443;17.48042855;0.0;21.3594868
1.444;17.44407955;0.0;21.34128875
1.445;17.41828805;0.0;21.32389
1.446;17.40566785;0.0;21.30741625
1.447;17.3891817;0.0;21.29197345
1.448;17.3683495;0.0;21.2751077
1.449;17.358233;0.0;21.26920795
1.45;17.35669405;0.0;21.27106765
1.451;17.356109;0.0;21.27065715
1.452;17.3682884;0.0;21.2731801
1.453;17.37193075;0.0;21.2839956
1.454;17.36502405;0.0;21.3009341
1.455;17.3677175;0.0;21.3111482
1.456;17.3701365;0.0;21.3189586
1.457;17.37961485;0.0;21.3419608
1.458;17.39207585;0.0;21.36393045
1.459;17.41827675;0.0;21.3919969
1.46;17.47006215;0.0;21.43930175
1.461;17.4992133;0.0;21.4852932
1.462;17.51923555;0.0;21.52425425
1.463;17.546119;0.0;21.57863815
1.464;17.58869425;0.0;21.62858795
1.465;17.62400845;0.0;21.67311755
1.466;17.65928465;0.0;21.7403442
1.467;17.71476945;0.0;21.81236755
1.468;17.7820415;0.0;21.89805545
1.469;17.84345505;0.0;21.994296
1.47;17.9227082;0.0;22.0826302
1.471;18.0174714;0.0;22.17646895
1.472;18.0920294;0.0;22.27134205
1.473;18.1331693;0.0;22.3699853
1.474;18.2216201;0.0;22.47688275
1.475;18.33461205;0.0;22.58573015
1.476;18.4313285;0.0;22.7004443
1.477;18.53752915;0.0;22.8267865
1.478;18.6446919;0.0;22.9501074
1.479;18.7467102;0.0;23.0722033
1.48;18.8496485;0.0;23.19688175
1.481;18.95716465;0.0;23.32536265
1.482;19.0702726;0.0;23.4553566
1.483;19.1825778;0.0;23.5851073
1.484;19.294404;0.0;23.71850755
1.485;19.4116588;0.0;23.85843555
1.486;19.5354919;0.0;23.9939155
1.487;19.65709105;0.0;24.1262124
1.488;19.7796078;0.0;24.2644361
1.489;19.91797025;0.0;24.40190745
1.49;20.0441658;0.0;24.544434
1.491;20.1620121;0.0;24.6993969
1.492;20.2758541;0.0;24.84190815
1.493;20.37577375;0.0;24.9745408
1.494;20.4982465;0.0;25.1184374
1.495;20.6342088;0.0;25.26693265
1.496;20.75475035;0.0;25.40690395
1.497;20.87757145;0.0;25.54533355
1.498;21.00807295;0.0;25.69325965
1.499;21.1321086;0.0;25.8417882
1.5;21.2520688;0.0;25.98446055
1.501;21.38302845;0.0;26.13487115
1.502;21.51214055;0.0;26.28202905
1.503;21.62904565;0.0;26.42195395
1.504;21.74957425;0.0;26.5561362
1.505;21.87918265;0.0;26.68547865
1.506;22.0043904;0.0;26.82502295
1.507;22.1158605;0.0;26.95956185
1.508;22.2407646;0.0;27.09803255
1.509;22.3821314;0.0;27.2538683
1.51;22.5133865;0.0;27.4017223
1.511;22.6450317;0.0;27.5401019
1.512;22.77380845;0.0;27.67963715
1.513;22.8942667;0.0;27.82510095
1.514;23.01750495;0.0;27.9649374
1.515;23.14236685;0.0;28.09859535
1.516;23.2678515;0.0;28.2321942
1.517;23.39425735;0.0;28.36025375
1.518;23.51845845;0.0;28.49230035
1.519;23.6464851;0.0;28.61883585
1.52;23.766016;0.0;28.76148575
1.521;23.87852795;0.0;28.9124087
1.522;24.0023504;0.0;29.04386065
1.523;24.12662085;0.0;29.1723833
1.524;24.23651405;0.0;29.3107823
1.525;24.3403064;0.0;29.43462315
1.526;24.44562135;0.0;29.5530981
1.527;24.56041305;0.0;29.68468165
1.528;24.6735083;0.0;29.8072821
1.529;24.7776916;0.0;29.91693855
1.53;24.8900437;0.0;30.0452615
1.531;25.00177965;0.0;30.17917005
1.532;25.10361885;0.0;30.2866967
1.533;25.21824175;0.0;30.3956914
1.534;25.3361474;0.0;30.5215454
1.535;25.4453602;0.0;30.64214425
1.536;25.5454467;0.0;30.75674245
1.537;25.64728115;0.0;30.8646652
1.538;25.74837895;0.0;30.97500565
1.539;25.85139215;0.0;31.08826025
1.54;25.9482242;0.0;31.19003945
1.541;26.05027685;0.0;31.29698625
1.542;26.1688639;0.0;31.419754
1.543;26.25895635;0.0;31.52878065
1.544;26.3274975;0.0;31.6231839
1.545;26.419784;0.0;31.7248572
1.546;26.5079253;0.0;31.82621485
1.547;26.60113475;0.0;31.9394922
1.548;26.71396145;0.0;32.06255405
1.549;26.8136708;0.0;32.16616885
1.55;26.90065085;0.0;32.26969205
1.551;26.9981227;0.0;32.37776705
1.552;27.1059116;0.0;32.47408625
1.553;27.1967525;0.0;32.56838045
1.554;27.28153995;0.0;32.67522405
1.555;27.3694464;0.0;32.7718703
1.556;27.44748775;0.0;32.8497504
1.557;27.5343928;0.0;32.9346913
1.558;27.6344118;0.0;33.02820205
1.559;27.7149173;0.0;33.1147933
1.56;27.78428795;0.0;33.19165545
1.561;27.8622812;0.0;33.27340845
1.562;27.9331431;0.0;33.3546643
1.563;28.0119031;0.0;33.44590335
1.564;28.10378975;0.0;33.5471717
1.565;28.18053195;0.0;33.63117175
1.566;28.24762955;0.0;33.7122209
1.567;28.3255487;0.0;33.80077755
1.568;28.3991467;0.0;33.88463005
1.569;28.47935555;0.0;33.95924855
1.57;28.5836938;0.0;34.03567795
1.571;28.6546545;0.0;34.11725595
1.572;28.7003219;0.0;34.18856365
1.573;28.76710255;0.0;34.26225695
1.574;28.82943655;0.0;34.34902525
1.575;28.89157005;0.0;34.428915
1.576;28.9647778;0.0;34.4993717
1.577;29.0363218;0.0;34.5669602
1.578;29.1001782;0.0;34.62959535
1.579;29.16564225;0.0;34.71079545
1.58;29.2421816;0.0;34.80223895
1.581;29.31131055;0.0;34.87385805
1.582;29.3716021;0.0;34.9545683
1.583;29.43033945;0.0;35.0236808
1.584;29.4874104;0.0;35.0613312
1.585;29.548802;0.0;35.12000565
1.586;29.60499335;0.0;35.19502165
1.587;29.66576175;0.0;35.25994185
1.588;29.73925935;0.0;35.31401955
1.589;29.7998606;0.0;35.38527435
1.59;29.8459773;0.0;35.4728107
1.591;29.9092886;0.0;35.5420354
1.592;29.980098;0.0;35.61423055
1.593;30.0425777;0.0;35.6790152
1.594;30.1140028;0.0;35.7189631
1.595;30.17959955;0.0;35.779985
1.596;30.23857855;0.0;35.8631126
1.597;30.28878385;0.0;35.92236895
1.598;30.32142555;0.0;35.96599875
1.599;30.38228095;0.0;36.02786055
1.6;30.4606861;0.0;36.09077465
1.601;30.5143787;0.0;36.14744405
1.602;30.5754738;0.0;36.2191948
1.603;30.63395025;0.0;36.27880795
1.604;30.66821045;0.0;36.3211333
1.605;30.70841445;0.0;36.3652925
1.606;30.76062355;0.0;36.40500685
1.607;30.80896075;0.0;36.45638115
1.608;30.8431498;0.0;36.5043546
1.609;30.88712985;0.0;36.5612831
1.61;30.94718445;0.0;36.64501285
1.611;30.9969726;0.0;36.7026777
1.612;31.0392808;0.0;36.74461475
1.613;31.08319975;0.0;36.79499785
1.614;31.1220181;0.0;36.8357446
1.615;31.1704016;0.0;36.88321215
1.616;31.22552735;0.0;36.9466299
1.617;31.2753059;0.0;36.99317245
1.618;31.336065;0.0;37.0210077
1.619;31.3805788;0.0;37.06937405
1.62;31.4086059;0.0;37.128915
1.621;31.4432891;0.0;37.17183135
1.622;31.46965525;0.0;37.21398315
1.623;31.50803015;0.0;37.262958
1.624;31.55950205;0.0;37.30118175
1.625;31.6000541;0.0;37.34527225
1.626;31.6411689;0.0;37.4079933
1.627;31.6771562;0.0;37.45760955
1.628;31.6998847;0.0;37.49123435
1.629;31.73555285;0.0;37.5342834
1.63;31.7776827;0.0;37.5917196
1.631;31.81694435;0.0;37.6279276
1.632;31.8666111;0.0;37.6443138
1.633;31.9015628;0.0;37.68163395
1.634;31.92350925;0.0;37.7236578
1.635;31.9543366;0.0;37.7536185
1.636;31.9887444;0.0;37.79049245
1.637;32.00982765;0.0;37.8285788
1.638;32.0207004;0.0;37.8532438
1.639;32.0462416;0.0;37.8785942
1.64;32.07037055;0.0;37.9145815
1.641;32.09416765;0.0;37.9484958
1.642;32.1357308;0.0;37.9770953
1.643;32.15931255;0.0;37.9953674
1.644;32.1623715;0.0;38.0064172
1.645;32.1797244;0.0;38.03478065
1.646;32.20008025;0.0;38.06091425
1.647;32.2200625;0.0;38.08221165
1.648;32.25235135;0.0;38.12355485
1.649;32.26563355;0.0;38.15260955
1.65;32.2654075;0.0;38.16580575
1.651;32.27354955;0.0;38.1743536
1.652;32.273406;0.0;38.17304155
1.653;32.2787501;0.0;38.19670335
1.654;32.29275545;0.0;38.23289605
1.655;32.3015676;0.0;38.2378962
1.656;32.30848515;0.0;38.24705565
1.657;32.3144914;0.0;38.260653
1.658;32.3170279;0.0;38.2427956
1.659;32.32611925;0.0;38.24026775
1.66;32.33787395;0.0;38.26740195
1.661;32.3458713;0.0;38.2780705
1.662;32.35843195;0.0;38.26570085
1.663;32.3654545;0.0;38.2690398
1.664;32.3650765;0.0;38.28726345
1.665;32.37056405;0.0;38.30039145
1.666;32.38294735;0.0;38.3128031
1.667;32.37938495;0.0;38.31661235
1.668;32.36183515;0.0;38.31780065
1.669;32.365714;0.0;38.32663125
1.67;32.37522125;0.0;38.33102355
1.671;32.3728181;0.0;38.33201315
1.672;32.3816743;0.0;38.3425523
1.673;32.3775951;0.0;38.34616595
1.674;32.35292895;0.0;38.33419555
1.675;32.3384524;0.0;38.3340465
1.676;32.3266177;0.0;38.34621805
1.677;32.3252948;0.0;38.34708855
1.678;32.3262581;0.0;38.33991515
1.679;32.3207179;0.0;38.3391145
1.68;32.3246237;0.0;38.34025515
1.681;32.32431745;0.0;38.3380547
1.682;32.31870515;0.0;38.3401267
1.683;32.29750715;0.0;38.3294453
1.684;32.2768369;0.0;38.31055365
1.685;32.24920975;0.0;38.29245035
1.686;32.19168095;0.0;38.2662537
1.687;32.17602945;0.0;38.2495908
1.688;32.19229765;0.0;38.2381134
1.689;32.1550503;0.0;38.2263056
1.69;32.11139805;0.0;38.19661715
1.691;32.0764663;0.0;38.15463945
1.692;32.04148325;0.0;38.136111
1.693;32.00865125;0.0;38.1207177
1.694;31.9905815;0.0;38.10295775
1.695;31.97664235;0.0;38.09125295
1.696;31.9431367;0.0;38.06453685
1.697;31.92637865;0.0;38.03146025
1.698;31.91291815;0.0;38.0039169
1.699;31.87845695;0.0;37.97870555
1.7;31.85308885;0.0;37.9536329
1.701;31.85799465;0.0;37.9209649
1.702;31.84230045;0.0;37.90398065
1.703;31.8079116;0.0;37.92162165
1.704;31.77867655;0.0;37.89934485
1.705;31.7448828;0.0;37.84068855
1.706;31.70973485;0.0;37.82003805
1.707;31.6695868;0.0;37.8008819
1.708;31.63920585;0.0;37.77166525
1.709;31.62039855;0.0;37.78500135
1.71;31.5867102;0.0;37.76567325
1.711;31.55368955;0.0;37.698428
1.712;31.51561435;0.0;37.64712815
1.713;31.4473916;0.0;37.58497115
1.714;31.4098166;0.0;37.54940495
1.715;31.4062993;0.0;37.54830925
1.716;31.37271705;0.0;37.50866065
1.717;31.33077815;0.0;37.4519165
1.718;31.2997884;0.0;37.42289465
1.719;31.26179905;0.0;37.3879784
1.72;31.2154063;0.0;37.34440685
1.721;31.17175505;0.0;37.32495125
1.722;31.13686645;0.0;37.2973548
1.723;31.0898648;0.0;37.2425669
1.724;31.05120305;0.0;37.19736485
1.725;31.05086955;0.0;37.1771942
1.726;31.001721;0.0;37.13597985
1.727;30.8990735;0.0;37.0635506
1.728;30.85448595;0.0;37.01848045
1.729;30.8310464;0.0;36.9860946
1.73;30.7791395;0.0;36.95191485
1.731;30.7302456;0.0;36.9256867
1.732;30.71110565;0.0;36.8972012
1.733;30.68262855;0.0;36.86196495
1.734;30.6557754;0.0;36.845695
1.735;30.68604545;0.0;36.8529914
1.736;30.6517299;0.0;36.82278745
1.737;30.5506379;0.0;36.78556955
1.738;30.5069959;0.0;36.7502441
1.739;30.4786375;0.0;36.67806085
1.74;30.4434681;0.0;36.6577118
1.741;30.41992525;0.0;36.68156625
1.742;30.39732475;0.0;36.65578735
1.743;30.37187105;0.0;36.6265524
1.744;30.3449685;0.0;36.59289185
1.745;30.33089945;0.0;36.5308468
1.746;30.2887807;0.0;36.48784245
1.747;30.24196165;0.0;36.4701741
1.748;30.1910484;0.0;36.4159114
1.749;30.1408582;0.0;36.3705931
1.75;30.07656805;0.0;36.3248216
1.751;30.0312635;0.0;36.28187045
1.752;30.0177383;0.0;36.2652727
1.753;29.97225575;0.0;36.21479735
1.754;29.9021054;0.0;36.1236484
1.755;29.86064845;0.0;36.0654611
1.756;29.8194216;0.0;35.99941685
1.757;29.7711634;0.0;35.9475372
1.758;29.76416925;0.0;35.956312
1.759;29.7158546;0.0;35.90952985
1.76;29.60633385;0.0;35.8058005
1.761;29.5390185;0.0;35.7508812
1.762;29.4775105;0.0;35.6938308
1.763;29.42450285;0.0;35.64837665
1.764;29.3999568;0.0;35.6595709
1.765;29.3635269;0.0;35.62428435
1.766;29.3259039;0.0;35.545131
1.767;29.2824564;0.0;35.5029166
1.768;29.2203408;0.0;35.47192135
1.769;29.197288;0.0;35.42855745
1.77;29.2058902;0.0;35.3885677
1.771;29.1736884;0.0;35.364708
1.772;29.1468001;0.0;35.34430465
1.773;29.1163403;0.0;35.30752335
1.774;29.04547965;0.0;35.28546825
1.775;29.0058818;0.0;35.25107785
1.776;28.99725205;0.0;35.1734533
1.777;28.97378315;0.0;35.1521051
1.778;28.94275865;0.0;35.17415365
1.779;28.9115105;0.0;35.15859395
1.78;28.8839646;0.0;35.1468769
1.781;28.8606213;0.0;35.1265269
1.782;28.8294861;0.0;35.07828955
1.783;28.81148085;0.0;35.0722775
1.784;28.805784;0.0;35.0907955
1.785;28.81255715;0.0;35.0896278
1.786;28.80837085;0.0;35.08543305
1.787;28.8023361;0.0;35.0582564
1.788;28.8039642;0.0;35.04312185
1.789;28.79840275;0.0;35.0470971
1.79;28.7981738;0.0;35.0355647
1.791;28.8251499;0.0;35.00112435
1.792;28.825786;0.0;34.99645605
1.793;28.7863212;0.0;34.99621025
1.794;28.7899717;0.0;35.0082541
1.795;28.82138795;0.0;35.07049005
1.796;28.82432645;0.0;35.08974365
1.797;28.82941285;0.0;35.06991735
1.798;28.85117105;0.0;35.088621
1.799;28.8748455;0.0;35.1191477
1.8;28.86397875;0.0;35.13199085
1.801;28.8951332;0.0;35.12910205
1.802;28.9684034;0.0;35.1119659
1.803;29.0035465;0.0;35.2034775
1.804;28.99553335;0.0;35.2395323
1.805;28.93098815;0.0;35.21865405
1.806;28.9379603;0.0;35.23669515
1.807;28.94222125;0.0;35.2978738
1.808;28.92164085;0.0;35.312014
1.809;28.986429;0.0;35.3404903
1.81;29.0865457;0.0;35.36920325
1.811;29.09314825;0.0;35.4215622
1.812;29.11250045;0.0;35.43242315
1.813;29.10890875;0.0;35.4086856
1.814;29.0671073;0.0;35.32342005
1.815;29.0483507;0.0;35.30705515
1.816;29.00915925;0.0;35.27027535
1.817;29.00875205;0.0;35.262602
1.818;29.0150715;0.0;35.3452
1.819;29.03033135;0.0;35.39288795
1.82;29.02666665;0.0;35.41269295
1.821;29.01230415;0.0;35.45366105
1.822;28.9934357;0.0;35.449153
1.823;28.9758735;0.0;35.39856615
1.824;28.9472913;0.0;35.36690765
1.825;28.8833317;0.0;35.2940289
1.826;28.86461055;0.0;35.25995535
1.827;28.89917425;0.0;35.23750215
1.828;28.85094725;0.0;35.267156
1.829;28.82937325;0.0;35.2468387
1.83;28.81603615;0.0;35.2202083
1.831;28.79134605;0.0;35.2309967
1.832;28.73093855;0.0;35.2720041
1.833;28.71081915;0.0;35.2624519
1.834;28.722164;0.0;35.2639525
1.835;28.71189225;0.0;35.25977515
1.836;28.68844205;0.0;35.2454532
1.837;28.6886968;0.0;35.1715735
1.838;28.7008601;0.0;35.088665
1.839;28.67768475;0.0;35.00732075
1.84;28.6150422;0.0;34.9250433
1.841;28.506276;0.0;34.774205
1.842;28.42230645;0.0;34.68115455
1.843;28.29316095;0.0;34.67800015
1.844;28.19895375;0.0;34.59900085
1.845;28.1314663;0.0;34.4467743
1.846;28.08280945;0.0;34.37752795
1.847;28.0084244;0.0;34.33766245
1.848;27.9165727;0.0;34.23337485
1.849;27.79531565;0.0;34.13781465
1.85;27.6390291;0.0;34.12180575
1.851;27.50166205;0.0;33.9738232
1.852;27.35547665;0.0;33.7026994
1.853;27.18281455;0.0;33.4883524
1.854;27.01739595;0.0;33.25407325
1.855;26.8443216;0.0;33.01173345
1.856;26.54288985;0.0;32.75710365
1.857;26.26516485;0.0;32.5607279
1.858;26.0105433;0.0;32.3141637
1.859;25.7391001;0.0;32.0385918
1.86;25.45961825;0.0;31.74512905
1.861;25.2175543;0.0;31.43294675
1.862;24.93968425;0.0;31.11276385
1.863;24.6471941;0.0;30.7915505
1.864;24.30402605;0.0;30.4257101
1.865;23.92100055;0.0;30.04554835
1.866;23.50737385;0.0;29.59118705
1.867;23.1270789;0.0;29.16043615
1.868;22.73913625;0.0;28.71638005
1.869;22.29414355;0.0;28.1993476
1.87;21.87230885;0.0;27.6628194
1.871;21.40808005;0.0;27.1112386
1.872;20.84218435;0.0;26.4962203
1.873;20.31677705;0.0;25.87204245
1.874;19.80982595;0.0;25.2572343
1.875;19.3195669;0.0;24.6193592
1.876;18.7994454;0.0;23.93565355
1.877;18.3004112;0.0;23.25297885
1.878;17.7572601;0.0;22.6038994
1.879;17.1558458;0.0;21.9977113
1.88;16.60908245;0.0;21.33051795
1.881;16.0570395;0.0;20.60904655
1.882;15.4995394;0.0;19.93849105
1.883;14.9664826;0.0;19.26136815
1.884;14.4333027;0.0;18.5601773
1.885;13.8697785;0.0;17.8537601
1.886;13.26129965;0.0;17.1539757
1.887;12.73884365;0.0;16.47213365
1.888;12.2683656;0.0;15.7433617
1.889;11.77748025;0.0;15.0520385
1.89;11.3328119;0.0;14.4133247
1.891;10.86529;0.0;13.7756901
1.892;10.29670245;0.0;13.0989348
1.893;9.87919055;0.0;12.4816371
1.894;9.57019615;0.0;11.93546395
1.895;9.2501624;0.0;11.3766144
1.896;8.90937465;0.0;10.82820075
1.897;8.6473034;0.0;10.2611452
1.898;8.35176135;0.0;9.8067949
1.899;7.98862515;0.0;9.4351831
1.9;7.68286775;0.0;9.04848915
1.901;7.4280515;0.0;8.78451645
1.902;7.21020665;0.0;8.46529475
1.903;7.00324595;0.0;8.10308405
1.904;6.81815715;0.0;7.7580229
1.905;6.7270543;0.0;7.4240388
1.906;6.6587385;0.0;7.1191953
1.907;6.51236875;0.0;6.86334795
1.908;6.29306575;0.0;6.60830615
1.909;6.16166445;0.0;6.43747005
1.91;6.02214375;0.0;6.415869
1.911;5.92742095;0.0;6.2867279
1.912;5.9086627;0.0;6.1167214
1.913;5.86639445;0.0;6.01304025
1.914;5.80176555;0.0;5.9121525
1.915;5.830061;0.0;5.82722225
1.916;5.7432223;0.0;5.7323372
1.917;5.60937295;0.0;5.69616245
1.918;5.53451925;0.0;5.6282699
1.919;5.41786125;0.0;5.5063494
1.92;5.3347985;0.0;5.4278912
1.921;5.3047366;0.0;5.4139103
1.922;5.29354045;0.0;5.35883065
1.923;5.269396;0.0;5.2394105
1.924;5.26650265;0.0;5.18418295
1.925;5.3159497;0.0;5.15639515
1.926;5.39050865;0.0;5.1415521
1.927;5.41527185;0.0;5.134447
1.928;5.4183755;0.0;5.15619665
1.929;5.43223355;0.0;5.2082986
1.93;5.4544367;0.0;5.2980787
1.931;5.4204264;0.0;5.3351925
1.932;5.3254343;0.0;5.37514595
1.933;5.3005585;0.0;5.4314514
1.934;5.23199845;0.0;5.5005438
1.935;5.24051295;0.0;5.5087688
1.936;5.38579115;0.0;5.48989855
1.937;5.4366294;0.0;5.480803
1.938;5.52873165;0.0;5.51783585
1.939;5.6710199;0.0;5.51783405
1.94;5.71929355;0.0;5.53697825
1.941;5.7163532;0.0;5.6312415
1.942;5.7473141;0.0;5.70038875
1.943;5.73417615;0.0;5.7176999
1.944;5.73905735;0.0;5.76616205
1.945;5.78811985;0.0;5.85561075
1.946;5.81442825;0.0;5.94963645
1.947;5.794116;0.0;6.0812672
1.948;5.8095508;0.0;6.1386053
1.949;5.8205254;0.0;6.19593285
1.95;5.83120815;0.0;6.23875535
1.951;5.8643697;0.0;6.33191555
1.952;5.9042808;0.0;6.41911725
1.953;5.9548498;0.0;6.4965399
1.954;6.0733256;0.0;6.6426424
1.955;6.11194705;0.0;6.7295005
1.956;6.0823457;0.0;6.719495
1.957;6.1074836;0.0;6.7723597
1.958;6.1099732;0.0;6.8171295
1.959;6.12138055;0.0;6.9348472
1.96;6.17964325;0.0;7.03102205
1.961;6.2963615;0.0;7.1531728
1.962;6.40324925;0.0;7.2612813
1.963;6.5675563;0.0;7.38783945
1.964;6.64157625;0.0;7.47679985
1.965;6.68177605;0.0;7.4808127
1.966;6.7378393;0.0;7.61319905
1.967;6.66670705;0.0;7.8760296
1.968;6.73410785;0.0;7.9996256
1.969;6.9114195;0.0;8.09505985
1.97;7.12542785;0.0;8.23089415
1.971;7.19310325;0.0;8.35766735
1.972;7.23358115;0.0;8.37846565
1.973;7.3038132;0.0;8.4655708
1.974;7.26376585;0.0;8.646454
1.975;7.30268125;0.0;8.7738885
1.976;7.4500968;0.0;8.8251462
1.977;7.53867255;0.0;8.9331586
1.978;7.60030595;0.0;9.1313441
1.979;7.64226075;0.0;9.25136955
1.98;7.66460885;0.0;9.2988091
1.981;7.70695635;0.0;9.39747305
1.982;7.74502115;0.0;9.5024256
1.983;7.73047345;0.0;9.60478345
1.984;7.79627575;0.0;9.68613715
1.985;7.9280777;0.0;9.74218695
1.986;8.0190001;0.0;9.89145595
1.987;8.1409327;0.0;10.07861375
1.988;8.2169422;0.0;10.2252249
1.989;8.2065901;0.0;10.46426225
1.99;8.2948392;0.0;10.6315454
1.991;8.4823556;0.0;10.64903485
1.992;8.5641865;0.0;10.77301975
1.993;8.62472665;0.0;10.9342469
1.994;8.7145126;0.0;11.17058795
1.995;8.76252395;0.0;11.3131539
1.996;8.67231615;0.0;11.46401975
1.997;8.7316401;0.0;11.6004629
1.998;8.91462595;0.0;11.65556655
1.999;8.99085815;0.0;11.7793993
2;9.01422195;0.0;11.9604881
2.001;9.11553825;0.0;12.11168435
2.002;9.24348945;0.0;12.3012964
2.003;9.3329016;0.0;12.4228944
2.004;9.4780306;0.0;12.4511314
2.005;9.59277175;0.0;12.55534575
2.006;9.67757525;0.0;12.6720517
2.007;9.65627005;0.0;12.7584494
2.008;9.7473695;0.0;12.89680495
2.009;9.9182608;0.0;13.14585895
2.01;10.007929;0.0;13.2857617
2.011;10.09978705;0.0;13.3746235
2.012;10.16965385;0.0;13.48110025
2.013;10.18230565;0.0;13.53879735
2.014;10.2119481;0.0;13.6419112
2.015;10.20381505;0.0;13.78282805
2.016;10.2650744;0.0;13.90308615
2.017;10.35429665;0.0;14.02354075
2.018;10.4950086;0.0;14.16207465
2.019;10.5233112;0.0;14.26989675
2.02;10.50683315;0.0;14.34314485
2.021;10.6006649;0.0;14.4577198
2.022;10.68830265;0.0;14.5859236
2.023;10.74843855;0.0;14.6976732
2.024;10.9125814;0.0;14.8115269
2.025;11.0157324;0.0;14.94030355
2.026;10.98477165;0.0;15.0865853
2.027;11.03182785;0.0;15.1987911
2.028;11.16891505;0.0;15.2877022
2.029;11.268448;0.0;15.41296125
2.03;11.3578359;0.0;15.54204125
2.031;11.41208005;0.0;15.65741835
2.032;11.5098349;0.0;15.75340775
2.033;11.6415582;0.0;15.8682425
2.034;11.7194103;0.0;15.9782845
2.035;11.785212;0.0;16.0293061
2.036;11.85964725;0.0;16.14339895
2.037;11.9066896;0.0;16.3697972
2.038;11.9601781;0.0;16.4714167
2.039;12.04344605;0.0;16.5084721
2.04;12.0966106;0.0;16.56080955
2.041;12.0654693;0.0;16.5036446
2.042;12.11875965;0.0;16.54142745
2.043;12.2046948;0.0;16.621421
2.044;12.32562105;0.0;16.77098705
2.045;12.4173965;0.0;16.881871
2.046;12.56693965;0.0;17.0289722
2.047;12.65802435;0.0;17.1469193
2.048;12.6744906;0.0;17.23840665
2.049;12.7706395;0.0;17.3426741
2.05;12.95855935;0.0;17.46565405
2.051;13.01710275;0.0;17.5654579
2.052;12.9958948;0.0;17.64414835
2.053;13.03777285;0.0;17.7325094
2.054;13.02807295;0.0;17.81314785
2.055;13.04010555;0.0;17.89760495
2.056;13.09755385;0.0;17.9512052
2.057;13.1999513;0.0;18.0660048
2.058;13.27344865;0.0;18.1990129
2.059;13.33005595;0.0;18.409029
2.06;13.3545418;0.0;18.46681315
2.061;13.3633826;0.0;18.4225631
2.062;13.41443225;0.0;18.52752805
2.063;13.39997035;0.0;18.64373415
2.064;13.474757;0.0;18.7101384
2.065;13.6848848;0.0;18.86235545
2.066;13.80901905;0.0;18.99382885
2.067;13.94895755;0.0;19.00993805
2.068;14.03462715;0.0;19.0748642
2.069;14.07268365;0.0;19.20944695
2.07;14.06338855;0.0;19.38054285
2.071;14.12607975;0.0;19.48708485
2.072;14.18975455;0.0;19.54547075
2.073;14.2417536;0.0;19.5941728
2.074;14.3200342;0.0;19.6430273
2.075;14.41496275;0.0;19.67335125
2.076;14.5018007;0.0;19.6077382
2.077;14.56615415;0.0;19.64694665
2.078;14.67449695;0.0;19.7446474
2.079;14.74439365;0.0;19.8329472
2.08;14.68660325;0.0;19.96171475
2.081;14.7608546;0.0;20.091937
2.082;15.0030526;0.0;20.25303675
2.083;15.091997;0.0;20.3594527
2.084;15.0952503;0.0;20.44906865
2.085;15.19620715;0.0;20.535828
2.086;15.2543994;0.0;20.6254986
2.087;15.20380725;0.0;20.6839525
2.088;15.24624545;0.0;20.7456288
2.089;15.39119585;0.0;20.8461659
2.09;15.4537059;0.0;20.88885025
2.091;15.4486391;0.0;20.80906975
2.092;15.5235844;0.0;20.8875901
2.093;15.6344913;0.0;21.0539788
2.094;15.7185918;0.0;21.16697545
2.095;15.8934414;0.0;21.3738608
2.096;15.94330455;0.0;21.5082446
2.097;15.7746956;0.0;21.533992
2.098;15.8230306;0.0;21.60764305
2.099;16.02536775;0.0;21.6767208
2.1;16.1060242;0.0;21.7866935
2.101;16.12997615;0.0;21.90458885
2.102;16.2153819;0.0;22.0812019
2.103;16.29305115;0.0;22.1503553
2.104;16.2204007;0.0;22.14987185
2.105;16.22423615;0.0;22.23540195
2.106;16.34452225;0.0;22.3371982
2.107;16.4242388;0.0;22.36891865
2.108;16.41607555;0.0;22.3659507
2.109;16.47061075;0.0;22.47787045
2.11;16.6648861;0.0;22.63285855
2.111;16.74876115;0.0;22.69107615
2.112;16.71127965;0.0;22.8224168
2.113;16.75035735;0.0;22.91315815
2.114;16.7932272;0.0;22.8772141
2.115;16.86833605;0.0;22.78646495
2.116;16.899753;0.0;22.85032945
2.117;16.95836605;0.0;23.0675512
2.118;16.9893543;0.0;23.1357037
2.119;16.96736625;0.0;23.18731165
2.12;16.9709987;0.0;23.23239935
2.121;16.9634998;0.0;23.17919945
2.122;17.0196805;0.0;23.2453293
2.123;17.1091212;0.0;23.3966219
2.124;17.16432965;0.0;23.50057375
2.125;17.31284755;0.0;23.6574496
2.126;17.3599239;0.0;23.7448811
2.127;17.2681992;0.0;23.7550312
2.128;17.2854498;0.0;23.80621725
2.129;17.4026338;0.0;23.804053
2.13;17.3365353;0.0;23.91079185
2.131;17.375142;0.0;24.02851935
2.132;17.45064225;0.0;24.0597371
2.133;17.53334605;0.0;24.09668135
2.134;17.62758755;0.0;24.10184155
2.135;17.67884995;0.0;24.1303223
2.136;17.732332;0.0;24.16119225
2.137;17.80890745;0.0;24.1957286
2.138;17.85462825;0.0;24.1881332
2.139;17.8974777;0.0;24.26876655
2.14;17.98775825;0.0;24.4645291
2.141;18.04537485;0.0;24.5168579
2.142;18.04053185;0.0;24.51643135
2.143;18.0738715;0.0;24.58163835
2.144;18.1788735;0.0;24.59329885
2.145;18.21583115;0.0;24.6027868
2.146;18.2281186;0.0;24.60592175
2.147;18.169397;0.0;24.75181645
2.148;18.1611723;0.0;24.8867874
2.149;18.1808531;0.0;24.92094735
2.15;18.2460152;0.0;25.0252186
2.151;18.4148379;0.0;25.25649635
2.152;18.4582075;0.0;25.33420335
2.153;18.4524641;0.0;25.30167305
2.154;18.479877;0.0;25.3441267
2.155;18.4551207;0.0;25.36045115
2.156;18.47765275;0.0;25.41641785
2.157;18.61717095;0.0;25.5540201
2.158;18.6227817;0.0;25.5965228
2.159;18.51179;0.0;25.59060585
2.16;18.47671215;0.0;25.5968224
2.161;18.3458819;0.0;25.54773415
2.162;18.3575403;0.0;25.54596275
2.163;18.6121808;0.0;25.61070685
2.164;18.6646156;0.0;25.60341545
2.165;18.6110268;0.0;25.5411098
2.166;18.6458093;0.0;25.50997115
2.167;18.6663577;0.0;25.4669668
2.168;18.6090627;0.0;25.50463375
2.169;18.63556845;0.0;25.60425145
2.17;18.79279885;0.0;25.8631706
2.171;18.8842535;0.0;25.94310975
2.172;18.96240935;0.0;26.0291049
2.173;18.97596805;0.0;26.032954
2.174;18.96226855;0.0;25.8728319
2.175;18.99564765;0.0;25.8383657
2.176;18.9857498;0.0;25.798236
2.177;18.9752281;0.0;25.82628415
2.178;19.01959595;0.0;25.9395509
2.179;19.05736305;0.0;26.0160941
2.18;19.0317185;0.0;26.17665895
2.181;19.0352532;0.0;26.21441295
2.182;19.10376725;0.0;26.13805125
2.183;19.1586849;0.0;26.1456751
2.184;19.2409918;0.0;26.1771358
2.185;19.21092195;0.0;26.095424
2.186;19.1751224;0.0;26.1047224
2.187;19.19893995;0.0;26.2375214
2.188;19.24854155;0.0;26.23567615
2.189;19.2976694;0.0;26.2949465
2.19;19.29525595;0.0;26.38847845
2.191;19.3389729;0.0;26.51509205
2.192;19.3026426;0.0;26.59521465
2.193;19.07223365;0.0;26.7117562
2.194;19.12368485;0.0;26.80773855
2.195;19.3620129;0.0;26.87661105
2.196;19.42204675;0.0;26.92752475
2.197;19.5351363;0.0;27.00239195
2.198;19.62235925;0.0;27.02181825
2.199;19.589572;0.0;26.93727205
2.2;19.59760295;0.0;26.9387264
2.201;19.72226255;0.0;26.9813563
2.202;19.7111368;0.0;26.9903386
2.203;19.4815094;0.0;27.01712915
2.204;19.45147225;0.0;27.03334405
2.205;19.53921975;0.0;27.07136915
2.206;19.5216682;0.0;26.98979945
2.207;19.6661535;0.0;26.9131194
2.208;19.81966365;0.0;27.0364592
2.209;19.86026215;0.0;27.1752474
2.21;19.8966245;0.0;27.1438474
2.211;19.9188485;0.0;27.17164455
2.212;19.92146645;0.0;27.2173246
2.213;19.9081115;0.0;27.2681911
2.214;19.87017115;0.0;27.32631965
2.215;19.86069765;0.0;27.35355065
2.216;19.8248028;0.0;27.36920565
2.217;19.819443;0.0;27.34494195
2.218;19.86274355;0.0;27.24357315
2.219;19.8529555;0.0;27.2238714
2.22;19.7734502;0.0;27.25585415
2.221;19.81374575;0.0;27.2515789
2.222;19.9714085;0.0;27.22950055
2.223;19.9867981;0.0;27.24616625
2.224;19.9975666;0.0;27.2923331
2.225;20.01996605;0.0;27.31578405
2.226;19.8957647;0.0;27.36628355
2.227;19.8210478;0.0;27.3767509
2.228;19.72698605;0.0;27.3121953
2.229;19.85812635;0.0;27.31770685
2.23;19.9465044;0.0;27.2830945
2.231;19.96603765;0.0;27.21162755
2.232;19.99215385;0.0;27.143293
2.233;19.9717902;0.0;27.04923105
2.234;19.7893762;0.0;27.0389314
2.235;19.7096681;0.0;27.0908292
2.236;19.7164947;0.0;27.0735308
2.237;19.8712027;0.0;27.104447
2.238;19.85569815;0.0;27.02257805
2.239;19.8543546;0.0;26.80501895
2.24;19.793473;0.0;26.71086105
2.241;19.6595159;0.0;26.59482195
2.242;19.4973657;0.0;26.5498261
2.243;19.18720865;0.0;26.6082426
2.244;19.10791635;0.0;26.6210277
2.245;19.08285965;0.0;26.642953
2.246;19.0611016;0.0;26.66196185
2.247;19.27386755;0.0;26.7329977
2.248;19.33069435;0.0;26.71456645
2.249;19.28718585;0.0;26.67955205
2.25;19.23537645;0.0;26.56093345
2.251;19.1329469;0.0;26.2430441
2.252;19.06240305;0.0;26.09213695
2.253;18.97232505;0.0;26.00351635
2.254;18.8729956;0.0;25.9106239
2.255;18.7051541;0.0;25.92607795
2.256;18.69642295;0.0;25.85595485
2.257;18.80903715;0.0;25.88914985
2.258;18.72196425;0.0;25.8496721
2.259;18.6549729;0.0;25.8590933
2.26;18.6645269;0.0;25.8625863
2.261;18.51859415;0.0;25.71159235
2.262;18.54096855;0.0;25.6954971
2.263;18.3852973;0.0;25.549645
2.264;18.12183295;0.0;25.2891814
2.265;18.09452505;0.0;25.2199462
2.266;18.09110285;0.0;25.25060075
2.267;18.0259829;0.0;25.1126526
2.268;18.1724671;0.0;25.0300172
2.269;18.16586005;0.0;24.919649
2.27;17.9194808;0.0;24.5274854
2.271;17.84226535;0.0;24.41779165
2.272;17.92069335;0.0;24.6537814
2.273;17.87259645;0.0;24.57228115
2.274;17.7506459;0.0;24.23436445
2.275;17.6593926;0.0;24.26697945
2.276;17.5281727;0.0;24.46399545
2.277;17.4796064;0.0;24.48071565
2.278;17.4630653;0.0;24.68878185
2.279;17.42592635;0.0;24.78583235
2.28;17.4669939;0.0;24.6853772
2.281;17.45108905;0.0;24.50146285
2.282;17.35603905;0.0;24.26956995
2.283;17.36820615;0.0;24.17737505
2.284;17.46541325;0.0;23.8348944
2.285;17.4481249;0.0;23.6745595
2.286;17.39626185;0.0;23.74253615
2.287;17.45913805;0.0;24.0187957
2.288;17.14483955;0.0;23.7922884
2.289;16.79403765;0.0;23.75798135
2.29;16.89867225;0.0;24.01267745
2.291;16.82838535;0.0;23.9503788
2.292;16.7076548;0.0;23.70686405
2.293;16.77814035;0.0;23.69613575
2.294;16.7069605;0.0;23.6691813
2.295;16.5738364;0.0;23.46270575
2.296;16.50607805;0.0;23.3318159
2.297;16.58733425;0.0;23.435635
2.298;16.6769496;0.0;23.46314185
2.299;16.7307029;0.0;23.29711995
2.3;16.6977019;0.0;23.2063937
2.301;16.7696988;0.0;23.37289805
2.302;16.71670415;0.0;23.20514965
2.303;16.34451345;0.0;22.68451725
2.304;16.3704402;0.0;22.44515855
2.305;16.82386895;0.0;22.2608109
2.306;16.74910475;0.0;22.155154
2.307;16.436502;0.0;22.1672404
2.308;16.3778712;0.0;22.12662815
2.309;16.0570392;0.0;22.0410727
2.31;15.93326605;0.0;22.04214115
2.311;16.2793594;0.0;22.26256635
2.312;16.318805;0.0;22.191135
2.313;16.16518895;0.0;21.95237865
2.314;16.06757615;0.0;21.86405665
2.315;15.8363993;0.0;21.56112305
2.316;15.8336942;0.0;21.4543234
2.317;16.0318288;0.0;21.66796875
2.318;15.9576644;0.0;21.7237851
2.319;15.8357349;0.0;21.6322259
2.32;15.81560845;0.0;21.7273175
2.321;15.7137957;0.0;22.13373855
2.322;15.5370373;0.0;22.14079315
2.323;15.4259457;0.0;21.9736813
2.324;15.44587855;0.0;21.8687763
2.325;15.3093557;0.0;21.3403371
2.326;15.21094125;0.0;21.1354744
2.327;15.40451585;0.0;21.37807935
2.328;15.48377325;0.0;21.39318605
2.329;15.4222717;0.0;21.30021365
2.33;15.4129541;0.0;21.35359745
2.331;15.1936092;0.0;21.3201161
2.332;14.9339163;0.0;21.11444895
2.333;15.05431225;0.0;20.9514751
2.334;15.1946049;0.0;20.50732615
2.335;15.39206225;0.0;20.6492318
2.336;15.5094671;0.0;20.8526206
2.337;14.9961824;0.0;20.68352935
2.338;14.545389;0.0;21.01840785
2.339;14.43678925;0.0;21.00482025
2.34;14.45407305;0.0;20.54078485
2.341;14.527327;0.0;20.2727163
2.342;14.21639075;0.0;20.1655445
2.343;14.2736716;0.0;20.14115665
2.344;14.34236435;0.0;19.98266785
2.345;14.08396315;0.0;19.9328641
2.346;14.30585625;0.0;20.1383084
2.347;14.2199392;0.0;20.49015365
2.348;13.80283955;0.0;20.62235455
2.349;13.74983405;0.0;20.36361285
2.35;14.0562186;0.0;20.2581745
2.351;14.61203;0.0;20.17612975
2.352;14.6735275;0.0;19.71867195
2.353;14.52696625;0.0;19.4678336
2.354;14.05800575;0.0;19.64024475
2.355;13.8522285;0.0;19.58646
2.356;13.5356326;0.0;19.19714835
2.357;13.23546545;0.0;19.10245395
2.358;12.95319075;0.0;19.29578085
2.359;12.990409;0.0;19.2003204
2.36;13.05163965;0.0;18.94046285
2.361;13.0960723;0.0;18.83884685
2.362;13.49810165;0.0;18.7347943
2.363;13.6178174;0.0;18.7119269
2.364;13.55245495;0.0;18.85771655
2.365;13.46610235;0.0;18.87137885
2.366;13.22390525;0.0;18.8385238
2.367;13.42029195;0.0;18.76131865
2.368;13.8848091;0.0;18.65105625
2.369;13.84630955;0.0;18.4049875
2.37;13.92495155;0.0;17.9809459
2.371;13.8660482;0.0;17.8315726
2.372;13.1348363;0.0;17.7014377
2.373;12.80535845;0.0;17.696863
2.374;12.79932915;0.0;17.82483065
2.375;12.8330726;0.0;18.0440486
2.376;13.01889925;0.0;18.6165199
2.377;12.9316771;0.0;18.6190288
2.378;12.77663875;0.0;18.3992493
2.379;12.82684145;0.0;18.41244805
2.38;12.7742193;0.0;18.01922685
2.381;12.69145725;0.0;17.94740335
2.382;12.82695255;0.0;18.4485171
2.383;12.8311673;0.0;18.44426405
2.384;12.57382275;0.0;18.2561785
2.385;12.44036265;0.0;17.9318395
2.386;12.51855325;0.0;17.23708035
2.387;12.47894275;0.0;16.99544005
2.388;12.26934635;0.0;16.73485325
2.389;12.21816935;0.0;16.75185645
2.39;12.30880315;0.0;17.28772635
2.391;12.19023935;0.0;17.38560405
2.392;11.8446058;0.0;17.2472501
2.393;11.81329855;0.0;17.3832866
2.394;11.99652675;0.0;17.8650951
2.395;12.05618875;0.0;17.68007915
2.396;12.28383495;0.0;17.1145637
2.397;12.4079769;0.0;16.992861
2.398;12.3109202;0.0;16.4646154
2.399;12.117833;0.0;16.13193715
2.4;11.77541905;0.0;16.55563155
2.401;11.6983831;0.0;16.43912845
2.402;11.7338794;0.0;15.6457383
2.403;11.76966005;0.0;15.4795027
2.404;12.1468375;0.0;15.6691833
2.405;12.13608435;0.0;15.71655555
2.406;11.5881001;0.0;16.09442205
2.407;11.4142681;0.0;16.034508
2.408;11.44103455;0.0;15.3577904
2.409;11.3394809;0.0;15.38045675
2.41;11.31814375;0.0;15.74759955
2.411;11.31276695;0.0;15.66813275
2.412;11.2390986;0.0;15.8610898
2.413;11.2061783;0.0;15.9121835
2.414;11.37649915;0.0;15.47569035
2.415;11.3730688;0.0;15.0752976
2.416;10.9908974;0.0;14.74353065
2.417;10.79975225;0.0;14.6633183
2.418;10.72330895;0.0;14.4441349
2.419;10.784207;0.0;14.4084368
2.42;11.24108155;0.0;14.87098635
2.421;11.0957145;0.0;14.81465915
2.422;10.53305925;0.0;14.5712849
2.423;10.35405905;0.0;14.3789994
2.424;10.0305112;0.0;13.99306985
2.425;9.78019445;0.0;13.5928294
2.426;9.79608835;0.0;12.92697545
2.427;10.03878265;0.0;12.7744965
2.428;10.17386755;0.0;13.0718467
2.429;10.27906165;0.0;13.02260895
2.43;10.7438286;0.0;12.78591375
2.431;10.8527457;0.0;12.87624435
2.432;10.87113895;0.0;13.298308
2.433;10.86579695;0.0;13.27080285
2.434;10.86927145;0.0;13.19166925
2.435;10.7879402;0.0;13.66031795
2.436;10.20239585;0.0;13.960365
2.437;10.18872135;0.0;13.82568065
2.438;10.7780655;0.0;14.69662585
2.439;10.62606485;0.0;14.16754145
2.44;10.45555255;0.0;11.6362737
2.441;10.0009078;0.0;10.78459945
2.442;8.7548601;0.0;10.2902603
2.443;8.48372185;0.0;10.14897045
2.444;8.4643748;0.0;10.76878425
2.445;8.31978985;0.0;10.86064455
2.446;8.6922574;0.0;10.91837785
2.447;7.77397855;0.0;11.68222085
2.448;7.6331734;0.0;12.3983508
2.449;8.8303516;0.0;11.23294335
2.45;8.9980931;0.0;10.2272447
2.451;7.8539289;0.0;10.33165475
2.452;7.79688;0.0;9.78613885
2.453;8.28177615;0.0;11.05704385
2.454;8.2832008;0.0;13.0002309
2.455;8.93322475;0.0;11.71720445
2.456;9.7538417;0.0;10.4685326
2.457;9.27642795;0.0;11.0156778
2.458;8.6507161;0.0;10.86451415
2.459;9.67207615;0.0;11.4847797
2.46;10.4815552;0.0;12.6137842
2.461;10.0027948;0.0;11.1067239
2.462;10.9153298;0.0;9.93340435
2.463;12.0800969;0.0;10.16679635
2.464;11.0173903;0.0;9.22650355
2.465;10.58077985;0.0;9.62784355
2.466;10.41483785;0.0;10.9465322
2.467;8.8285531;0.0;10.249971
2.468;8.35865735;0.0;9.86349115
2.469;8.3203784;0.0;10.23795365
2.47;7.53986325;0.0;10.26834165
2.471;6.6305884;0.0;10.58424985
2.472;6.86570345;0.0;10.7756512
2.473;7.99593125;0.0;10.3241986
2.474;8.3405072;0.0;9.3021962
2.475;8.738712;0.0;8.2328754
2.476;9.58484385;0.0;8.44475915
2.477;9.5819593;0.0;9.79564695
2.478;8.7876776;0.0;9.8370267
2.479;9.79873935;0.0;9.3921444
2.48;10.71671475;0.0;9.8816912
2.481;9.70755865;0.0;9.8315342
2.482;10.4015523;0.0;9.7557734
2.483;12.269788;0.0;9.40608115
2.484;11.0922299;0.0;8.82185115
2.485;8.3650573;0.0;7.509873
2.486;7.2503423;0.0;7.3210115
2.487;3.71748525;0.0;8.6971973
2.488;2.79468085;0.0;8.84561605
2.489;6.3182083;0.0;8.46237935
2.49;8.63597135;0.0;8.22549805
2.491;10.447625;0.0;7.0579128
2.492;11.6916761;0.0;7.2158304
2.493;14.5016075;0.0;9.02222495
2.494;14.31475905;0.0;9.49554605
2.495;10.33554665;0.0;8.93653185
2.496;9.3114868;0.0;8.86349085
2.497;7.72142935;0.0;8.0032874
2.498;8.7370811;0.0;10.12303625
2.499;9.5827543;0.0;14.13048995
2.5;10.37925255;0.0;13.1481862
