7	0 0.00000000000000000000e+000
7	1 0.00000000000000000000e+000
7	2 0.00000000000000000000e+000
7	3 0.00000000000000000000e+000
7	4 0.00000000000000000000e+000
7	5 0.00000000000000000000e+000
7	6 0.00000000000000000000e+000
7	7 0.00000000000000000000e+000
7	8 0.00000000000000000000e+000
7	9 0.00000000000000000000e+000
7	10 0.00000000000000000000e+000
7	11 0.00000000000000000000e+000
7	12 0.00000000000000000000e+000
7	13 0.00000000000000000000e+000
7	14 0.00000000000000000000e+000
7	15 0.00000000000000000000e+000
7	16 0.00000000000000000000e+000
7	17 0.00000000000000000000e+000
7	18 0.00000000000000000000e+000
7	19 0.00000000000000000000e+000
7	20 0.00000000000000000000e+000
7	21 0.00000000000000000000e+000
7	22 0.00000000000000000000e+000
7	23 0.00000000000000000000e+000
7	24 0.00000000000000000000e+000
7	25 0.00000000000000000000e+000
7	26 0.00000000000000000000e+000
7	27 0.00000000000000000000e+000
7	28 0.00000000000000000000e+000
7	29 0.00000000000000000000e+000
7	30 0.00000000000000000000e+000
7	31 0.00000000000000000000e+000
7	32 0.00000000000000000000e+000
7	33 0.00000000000000000000e+000
7	34 0.00000000000000000000e+000
7	35 0.00000000000000000000e+000
7	36 0.00000000000000000000e+000
7	37 0.00000000000000000000e+000
7	38 0.00000000000000000000e+000
7	39 0.00000000000000000000e+000
7	40 0.00000000000000000000e+000
7	41 0.00000000000000000000e+000
7	42 0.00000000000000000000e+000
7	43 0.00000000000000000000e+000
7	44 0.00000000000000000000e+000
7	45 0.00000000000000000000e+000
7	46 0.00000000000000000000e+000
7	47 0.00000000000000000000e+000
7	48 0.00000000000000000000e+000
7	49 0.00000000000000000000e+000
7	50 0.00000000000000000000e+000
7	51 0.00000000000000000000e+000
7	52 0.00000000000000000000e+000
7	53 0.00000000000000000000e+000
7	54 0.00000000000000000000e+000
7	55 0.00000000000000000000e+000
7	56 0.00000000000000000000e+000
7	57 0.00000000000000000000e+000
7	58 0.00000000000000000000e+000
7	59 0.00000000000000000000e+000
7	60 0.00000000000000000000e+000
7	61 0.00000000000000000000e+000
7	62 0.00000000000000000000e+000
7	63 0.00000000000000000000e+000
7	64 0.00000000000000000000e+000
7	65 0.00000000000000000000e+000
7	66 0.00000000000000000000e+000
7	67 0.00000000000000000000e+000
7	68 0.00000000000000000000e+000
7	69 0.00000000000000000000e+000
7	70 0.00000000000000000000e+000
7	71 0.00000000000000000000e+000
7	72 0.00000000000000000000e+000
7	73 0.00000000000000000000e+000
7	74 0.00000000000000000000e+000
7	75 0.00000000000000000000e+000
7	76 0.00000000000000000000e+000
7	77 0.00000000000000000000e+000
7	78 0.00000000000000000000e+000
7	79 0.00000000000000000000e+000
7	80 0.00000000000000000000e+000
7	81 0.00000000000000000000e+000
7	82 0.00000000000000000000e+000
7	83 0.00000000000000000000e+000
7	84 0.00000000000000000000e+000
7	85 0.00000000000000000000e+000
7	86 0.00000000000000000000e+000
7	87 0.00000000000000000000e+000
7	88 0.00000000000000000000e+000
7	89 0.00000000000000000000e+000
7	90 1.00000000000000000000e+000
