1	0 0.00000000000000000000e+000
1	1 3.01974396582353320911e-004
1	2 6.03856808838215968101e-004
1	3 9.05555280460414386071e-004
1	4 1.20697791117187354891e-003
1	5 1.50803288471933194526e-003
1	6 1.80862849684146234468e-003
1	7 2.10867318320287705849e-003
1	8 2.40807554728551245424e-003
1	9 2.70674438822889355458e-003
1	10 3.00458872861079787434e-003
1	11 3.30151784215986301985e-003
1	12 3.59744128139168452621e-003
1	13 3.89226890515999854672e-003
1	14 4.18591090611454465925e-003
1	15 4.47827783805725826438e-003
1	16 4.76928064318844942282e-003
1	17 5.05883067923466704652e-003
1	18 5.34683974644999376186e-003
1	19 5.63322011448255492716e-003
1	20 5.91788454909801357740e-003
1	21 6.20074633875198396454e-003
1	22 6.48171932100319054398e-003
1	23 6.76071790875939614834e-003
1	24 7.03765711634804849717e-003
1	25 7.31245258540374511169e-003
1	26 7.58502061056460803040e-003
1	27 7.85527816496974992666e-003
1	28 8.12314292555005312835e-003
1	29 8.38853329810458278604e-003
1	30 8.65136844215495977306e-003
1	31 8.91156829557017068910e-003
1	32 9.16905359895424897088e-003
1	33 9.42374591978947101500e-003
1	34 9.67556767632764963549e-003
1	35 9.92444216122228758947e-003
1	36 1.01702935648943868646e-002
1	37 1.04130469986247736064e-002
1	38 1.06526285173659304023e-002
1	39 1.08889651422663640695e-002
1	40 1.11219848829006914825e-002
1	41 1.13516167591986016916e-002
1	42 1.15777908230660798311e-002
1	43 1.18004381796922713788e-002
1	44 1.20194910085355179813e-002
1	45 1.22348825839821394312e-002
1	46 1.24465472956717133207e-002
1	47 1.26544206684826125719e-002
1	48 1.28584393821717674761e-002
1	49 1.30585412906626136681e-002
1	50 1.32546654409753938975e-002
1	51 1.34467520917940265568e-002
1	52 1.36347427316638857703e-002
1	53 1.38185800968149610085e-002
1	54 1.39982081886049561370e-002
1	55 1.41735722905770127056e-002
1	56 1.43446189851268827986e-002
1	57 1.45112961697744374812e-002
1	58 1.46735530730345981043e-002
1	59 1.48313402698828124271e-002
1	60 1.49846096968103970060e-002
1	61 1.51333146664651627122e-002
1	62 1.52774098818728130966e-002
1	63 1.54168514502348516504e-002
1	64 1.55515968962987565644e-002
1	65 1.56816051752963446508e-002
1	66 1.58068366854464160964e-002
1	67 1.59272532800178376333e-002
1	68 1.60428182789493986582e-002
1	69 1.61534964800229170756e-002
1	70 1.62592541695861930728e-002
1	71 1.63600591328224749532e-002
1	72 1.64558806635634533033e-002
1	73 1.65466895736426124197e-002
1	74 1.66324582017862571126e-002
1	75 1.67131604220394011651e-002
1	76 1.67887716517239674041e-002
1	77 1.68592688589269366906e-002
1	78 1.69246305695160727256e-002
1	79 1.69848368736811583535e-002
1	80 1.70398694319987067947e-002
1	81 1.70897114810183506362e-002
1	82 1.71343478383691218137e-002
1	83 1.71737649073841688874e-002
1	84 1.72079506812424336271e-002
1	85 1.72368947466260309664e-002
1	86 1.72605882868922567985e-002
1	87 1.72790240847592209417e-002
1	88 1.72921965245043038339e-002
1	89 1.73001015936747534751e-002
1	90 1.73027368843099195461e-002
