5	0 0.00000000000000000000e+000
5	1 2.70661082241755807315e-005
5	2 1.08132569538107079182e-004
5	3 2.42804436291047887400e-004
5	4 4.30425600685345607303e-004
5	5 6.70081991267684144026e-004
5	6 9.60606026193323576760e-004
5	7 1.30058230156747780051e-003
5	8 1.68835448715082248571e-003
5	9 2.12203339583391702508e-003
5	10 2.59950618756691091346e-003
5	11 3.11844666290387543400e-003
5	12 3.67632659601268554569e-003
5	13 4.27042805193712966816e-003
5	14 4.89785662810281272744e-003
5	15 5.55555555555555403285e-003
5	16 6.24032059123247242333e-003
5	17 6.94881562871208901394e-003
5	18 7.67758895138947235898e-003
5	19 8.42309004889258035320e-003
5	20 9.18168691481188389836e-003
5	21 9.94968374147051776157e-003
5	22 1.07233389255277644647e-002
5	23 1.14988832966944534014e-002
5	24 1.22725384807517053087e-002
5	25 1.30405353074103357025e-002
5	26 1.37991321733296409824e-002
5	27 1.45446332708327481092e-002
5	28 1.52734065935101314543e-002
5	29 1.59819016309897497796e-002
5	30 1.66666666666666629659e-002
5	31 1.73243655941194042713e-002
5	32 1.79517941702850881980e-002
5	33 1.85458956262095353562e-002
5	34 1.91037755593183415648e-002
5	35 1.96227160346553082537e-002
5	36 2.01001888263883030095e-002
5	37 2.05338677350713934289e-002
5	38 2.09216399206547422340e-002
5	39 2.12616161960288950483e-002
5	40 2.15521402309545376252e-002
5	41 2.17917966215368727467e-002
5	42 2.19794177859311719303e-002
5	43 2.21140896526841115866e-002
5	44 2.21951561139980442505e-002
5	45 2.22222222222222196009e-002
5	46 2.21951561139980442505e-002
5	47 2.21140896526841115866e-002
5	48 2.19794177859311719303e-002
5	49 2.17917966215368727467e-002
5	50 2.15521402309545376252e-002
5	51 2.12616161960288950483e-002
5	52 2.09216399206547422340e-002
5	53 2.05338677350713968983e-002
5	54 2.01001888263883030095e-002
5	55 1.96227160346553082537e-002
5	56 1.91037755593183415648e-002
5	57 1.85458956262095353562e-002
5	58 1.79517941702850881980e-002
5	59 1.73243655941194042713e-002
5	60 1.66666666666666699048e-002
5	61 1.59819016309897532491e-002
5	62 1.52734065935101366585e-002
5	63 1.45446332708327481092e-002
5	64 1.37991321733296409824e-002
5	65 1.30405353074103357025e-002
5	66 1.22725384807517018393e-002
5	67 1.14988832966944516667e-002
5	68 1.07233389255277627300e-002
5	69 9.94968374147052123102e-003
5	70 9.18168691481188736780e-003
5	71 8.42309004889258208792e-003
5	72 7.67758895138947409370e-003
5	73 6.94881562871208901394e-003
5	74 6.24032059123247242333e-003
5	75 5.55555555555555403285e-003
5	76 4.89785662810281099272e-003
5	77 4.27042805193712706607e-003
5	78 3.67632659601269118355e-003
5	79 3.11844666290387890345e-003
5	80 2.59950618756691351555e-003
5	81 2.12203339583391832612e-003
5	82 1.68835448715082248571e-003
5	83 1.30058230156747910156e-003
5	84 9.60606026193322384138e-004
5	85 6.70081991267684144026e-004
5	86 4.30425600685345607303e-004
5	87 2.42804436291049134233e-004
5	88 1.08132569538108312462e-004
5	89 2.70661082241755807315e-005
5	90 0.00000000000000000000e+000
