4	0 2.17391304347826080923e-002
4	1 2.17126527202154799567e-002
4	2 2.16333485732779391697e-002
4	3 2.15016043558022354465e-002
4	4 2.13180619123730305531e-002
4	5 2.10836154433250919094e-002
4	6 2.07994071482891403069e-002
4	7 2.04668216615100755085e-002
4	8 2.00874793060481053597e-002
4	9 1.96632281997276905927e-002
4	10 1.91961352512932358072e-002
4	11 1.86884760906375103906e-002
4	12 1.81427239821615043924e-002
4	13 1.75615377752788952292e-002
4	14 1.69477489507689864368e-002
4	15 1.63043478260869560692e-002
4	16 1.56344689868377975661e-002
4	17 1.49413760153903479866e-002
4	18 1.42284455910320385696e-002
4	19 1.34991510391268224739e-002
4	20 1.27570454094231584136e-002
4	21 1.20057441659527554950e-002
4	22 1.12489075728532724602e-002
4	23 1.04902228619293391015e-002
4	24 9.73338626882985259725e-003
4	25 8.98208502535945314815e-003
4	26 8.23997939565578388366e-003
4	27 7.51068484375057299207e-003
4	28 6.79775441939226010568e-003
4	29 6.10466144794481052616e-003
4	30 5.43478260869565549251e-003
4	31 4.79138148401362339024e-003
4	32 4.17759265950371459775e-003
4	33 3.59640645262110586824e-003
4	34 3.05065434414509553326e-003
4	35 2.54299518348937055034e-003
4	36 2.07590223505492053532e-003
4	37 1.65165112873450056416e-003
4	38 1.27230877327253280064e-003
4	39 9.39723286493470062221e-004
4	40 6.55514991457518351320e-004
4	41 4.21068522409577268139e-004
4	42 2.37526078980372971038e-004
4	43 1.05781861504669979666e-004
4	44 2.64777145671282880025e-005
4	45 0.00000000000000000000e+000
4	46 2.64777145671282880025e-005
4	47 1.05781861504671185841e-004
4	48 2.37526078980374163660e-004
4	49 4.21068522409577268139e-004
4	50 6.55514991457517158698e-004
4	51 9.39723286493468869598e-004
4	52 1.27230877327253410168e-003
4	53 1.65165112873449947996e-003
4	54 2.07590223505491793324e-003
4	55 2.54299518348936968298e-003
4	56 3.05065434414509726799e-003
4	57 3.59640645262110760297e-003
4	58 4.17759265950371633247e-003
4	59 4.79138148401362425760e-003
4	60 5.43478260869564768626e-003
4	61 6.10466144794480705671e-003
4	62 6.79775441939225837096e-003
4	63 7.51068484375056952262e-003
4	64 8.23997939565578388366e-003
4	65 8.98208502535945314815e-003
4	66 9.73338626882985606670e-003
4	67 1.04902228619293408363e-002
4	68 1.12489075728532759296e-002
4	69 1.20057441659527502908e-002
4	70 1.27570454094231532094e-002
4	71 1.34991510391268207392e-002
4	72 1.42284455910320351002e-002
4	73 1.49413760153903479866e-002
4	74 1.56344689868377975661e-002
4	75 1.63043478260869560692e-002
4	76 1.69477489507689899062e-002
4	77 1.75615377752788986987e-002
4	78 1.81427239821615009230e-002
4	79 1.86884760906375103906e-002
4	80 1.91961352512932358072e-002
4	81 1.96632281997276905927e-002
4	82 2.00874793060481053597e-002
4	83 2.04668216615100755085e-002
4	84 2.07994071482891437763e-002
4	85 2.10836154433250919094e-002
4	86 2.13180619123730305531e-002
4	87 2.15016043558022354465e-002
4	88 2.16333485732779391697e-002
4	89 2.17126527202154799567e-002
4	90 2.17391304347826080923e-002
