6	0 1.00000000000000000000e+000
6	1 0.00000000000000000000e+000
6	2 0.00000000000000000000e+000
6	3 0.00000000000000000000e+000
6	4 0.00000000000000000000e+000
6	5 0.00000000000000000000e+000
6	6 0.00000000000000000000e+000
6	7 0.00000000000000000000e+000
6	8 0.00000000000000000000e+000
6	9 0.00000000000000000000e+000
6	10 0.00000000000000000000e+000
6	11 0.00000000000000000000e+000
6	12 0.00000000000000000000e+000
6	13 0.00000000000000000000e+000
6	14 0.00000000000000000000e+000
6	15 0.00000000000000000000e+000
6	16 0.00000000000000000000e+000
6	17 0.00000000000000000000e+000
6	18 0.00000000000000000000e+000
6	19 0.00000000000000000000e+000
6	20 0.00000000000000000000e+000
6	21 0.00000000000000000000e+000
6	22 0.00000000000000000000e+000
6	23 0.00000000000000000000e+000
6	24 0.00000000000000000000e+000
6	25 0.00000000000000000000e+000
6	26 0.00000000000000000000e+000
6	27 0.00000000000000000000e+000
6	28 0.00000000000000000000e+000
6	29 0.00000000000000000000e+000
6	30 0.00000000000000000000e+000
6	31 0.00000000000000000000e+000
6	32 0.00000000000000000000e+000
6	33 0.00000000000000000000e+000
6	34 0.00000000000000000000e+000
6	35 0.00000000000000000000e+000
6	36 0.00000000000000000000e+000
6	37 0.00000000000000000000e+000
6	38 0.00000000000000000000e+000
6	39 0.00000000000000000000e+000
6	40 0.00000000000000000000e+000
6	41 0.00000000000000000000e+000
6	42 0.00000000000000000000e+000
6	43 0.00000000000000000000e+000
6	44 0.00000000000000000000e+000
6	45 0.00000000000000000000e+000
6	46 0.00000000000000000000e+000
6	47 0.00000000000000000000e+000
6	48 0.00000000000000000000e+000
6	49 0.00000000000000000000e+000
6	50 0.00000000000000000000e+000
6	51 0.00000000000000000000e+000
6	52 0.00000000000000000000e+000
6	53 0.00000000000000000000e+000
6	54 0.00000000000000000000e+000
6	55 0.00000000000000000000e+000
6	56 0.00000000000000000000e+000
6	57 0.00000000000000000000e+000
6	58 0.00000000000000000000e+000
6	59 0.00000000000000000000e+000
6	60 0.00000000000000000000e+000
6	61 0.00000000000000000000e+000
6	62 0.00000000000000000000e+000
6	63 0.00000000000000000000e+000
6	64 0.00000000000000000000e+000
6	65 0.00000000000000000000e+000
6	66 0.00000000000000000000e+000
6	67 0.00000000000000000000e+000
6	68 0.00000000000000000000e+000
6	69 0.00000000000000000000e+000
6	70 0.00000000000000000000e+000
6	71 0.00000000000000000000e+000
6	72 0.00000000000000000000e+000
6	73 0.00000000000000000000e+000
6	74 0.00000000000000000000e+000
6	75 0.00000000000000000000e+000
6	76 0.00000000000000000000e+000
6	77 0.00000000000000000000e+000
6	78 0.00000000000000000000e+000
6	79 0.00000000000000000000e+000
6	80 0.00000000000000000000e+000
6	81 0.00000000000000000000e+000
6	82 0.00000000000000000000e+000
6	83 0.00000000000000000000e+000
6	84 0.00000000000000000000e+000
6	85 0.00000000000000000000e+000
6	86 0.00000000000000000000e+000
6	87 0.00000000000000000000e+000
6	88 0.00000000000000000000e+000
6	89 0.00000000000000000000e+000
6	90 0.00000000000000000000e+000
